        nu_e/omega_T             omega_r             omega_i            omega1_r            omega1_i            omega2_r            omega2_i
             0.63135             0.53495            -0.03287             0.00000             0.00000             0.53925            -0.03925
             1.89404             0.56006            -0.05450             0.00000             0.00000             0.56798            -0.06798
             3.15673             0.57702            -0.06843             0.00000             0.00000             0.58777            -0.08777
             4.41942             0.59060            -0.07926             0.00000             0.00000             0.60385            -0.10385
             5.68211             0.60220            -0.08830             0.00000             0.00000             0.61775            -0.11775
             6.94480             0.61244            -0.09616             0.00000             0.00000             0.63018            -0.13018
             8.20749             0.62168            -0.10316             0.00000             0.00000             0.64152            -0.14152
             9.47018             0.63016            -0.10949             0.00000             0.00000             0.65202            -0.15202
            10.73287             0.63802            -0.11531             0.00000             0.00000             0.66184            -0.16184
            11.99556             0.64536            -0.12070             0.00000             0.00000             0.67109            -0.17109
            13.25825             0.65228            -0.12573             0.00000             0.00000             0.67987            -0.17987
            14.52094             0.65883            -0.13046             0.00000             0.00000             0.68824            -0.18824
            15.78363             0.66505            -0.13493             0.00000             0.00000             0.69626            -0.19626
            17.04632             0.67099            -0.13917             0.00000             0.00000             0.70395            -0.20395
            18.30902             0.67668            -0.14320             0.00000             0.00000             0.71137            -0.21137
            19.57171             0.68214            -0.14706             0.00000             0.00000             0.71854            -0.21854
            20.83440             0.68740            -0.15076             0.00000             0.00000             0.72548            -0.22548
            22.09709             0.69248            -0.15431             0.00000             0.00000             0.73221            -0.23221
            23.35978             0.69738            -0.15773             0.00000             0.00000             0.73876            -0.23876
            24.62247             0.70213            -0.16102             0.00000             0.00000             0.74512            -0.24512
            25.88516             0.70674            -0.16421             0.00000             0.00000             0.75133            -0.25133
            27.14785             0.71122            -0.16730             0.00000             0.00000             0.75739            -0.25739
            28.41054             0.71557            -0.17029             0.00000             0.00000             0.76330            -0.26330
            29.67323             0.71981            -0.17319             0.00000             0.00000             0.76909            -0.26909
            30.93592             0.72394            -0.17602             0.00000             0.00000             0.77476            -0.27476
            32.19861             0.72797            -0.17877             0.00000             0.00000             0.78031            -0.28031
            33.46130             0.73191            -0.18144             0.00000             0.00000             0.78575            -0.28575
            34.72400             0.73576            -0.18405             0.00000             0.00000             0.79109            -0.29109
            35.98669             0.73953            -0.18660             0.00000             0.00000             0.79634            -0.29634
            37.24938             0.74321            -0.18908             0.00000             0.00000             0.80149            -0.30149
            38.51207             0.74683            -0.19152             0.00000             0.00000             0.80656            -0.30656
            39.77476             0.75037            -0.19389             0.00000             0.00000             0.81155            -0.31155
            41.03745             0.75384            -0.19622             0.00000             0.00000             0.81645            -0.31645
            42.30014             0.75725            -0.19850             0.00000             0.00000             0.82128            -0.32128
            43.56283             0.76059            -0.20074             0.00000             0.00000             0.82604            -0.32604
            44.82552             0.76388            -0.20293             0.00000             0.00000             0.83074            -0.33074
            46.08821             0.76711            -0.20508             0.00000             0.00000             0.83536            -0.33536
            47.35090             0.77029            -0.20720             0.00000             0.00000             0.83992            -0.33992
            48.61359             0.77342            -0.20927             0.00000             0.00000             0.84443            -0.34443
            49.87628             0.77650            -0.21131             0.00000             0.00000             0.84887            -0.34887
            51.13897             0.77953            -0.21331             0.00000             0.00000             0.85326            -0.35326
            52.40167             0.78251            -0.21528             0.00000             0.00000             0.85759            -0.35759
            53.66436             0.78545            -0.21722             0.00000             0.00000             0.86188            -0.36188
            54.92705             0.78835            -0.21913             0.00000             0.00000             0.86611            -0.36611
            56.18974             0.79121            -0.22101             0.00000             0.00000             0.87029            -0.37029
            57.45243             0.79403            -0.22286             0.00000             0.00000             0.87443            -0.37443
            58.71512             0.79681            -0.22469             0.00000             0.00000             0.87852            -0.37852
            59.97781             0.79955            -0.22648             0.00000             0.00000             0.88257            -0.38257
            61.24050             0.80226            -0.22826             0.00000             0.00000             0.88658            -0.38658
            62.50319             0.80493            -0.23000             0.00000             0.00000             0.89054            -0.39054
            63.76588             0.80757            -0.23173             0.00000             0.00000             0.89447            -0.39447
            65.02857             0.81018            -0.23343             0.00000             0.00000             0.89836            -0.39836
            66.29126             0.81276            -0.23511             0.00000             0.00000             0.90220            -0.40220
            67.55395             0.81530            -0.23677             0.00000             0.00000             0.90602            -0.40602
            68.81665             0.81782            -0.23840             0.00000             0.00000             0.90979            -0.40979
            70.07934             0.82031            -0.24002             0.00000             0.00000             0.91354            -0.41354
            71.34203             0.82277            -0.24162             0.00000             0.00000             0.91725            -0.41725
            72.60472             0.82521            -0.24319             0.00000             0.00000             0.92092            -0.42092
            73.86741             0.82761            -0.24475             0.00000             0.00000             0.92457            -0.42457
            75.13010             0.83000            -0.24630             0.00000             0.00000             0.92818            -0.42818
            76.39279             0.83235            -0.24782             0.00000             0.00000             0.93176            -0.43176
            77.65548             0.83469            -0.24933             0.00000             0.00000             0.93532            -0.43532
            78.91817             0.83700            -0.25082             0.00000             0.00000             0.93884            -0.43884
            80.18086             0.83928            -0.25229             0.00000             0.00000             0.94234            -0.44234
            81.44355             0.84155            -0.25375             0.00000             0.00000             0.94581            -0.44581
            82.70624             0.84379            -0.25520             0.00000             0.00000             0.94925            -0.44925
            83.96893             0.84601            -0.25662             0.00000             0.00000             0.95267            -0.45267
            85.23162             0.84821            -0.25804             0.00000             0.00000             0.95606            -0.45606
            86.49432             0.85040            -0.25944             0.00000             0.00000             0.95942            -0.45942
            87.75701             0.85256            -0.26083             0.00000             0.00000             0.96276            -0.46276
            89.01970             0.85470            -0.26220             0.00000             0.00000             0.96608            -0.46608
            90.28239             0.85682            -0.26356             0.00000             0.00000             0.96938            -0.46938
            91.54508             0.85892            -0.26491             0.00000             0.00000             0.97265            -0.47265
            92.80777             0.86101            -0.26624             0.00000             0.00000             0.97589            -0.47589
            94.07046             0.86308            -0.26757             0.00000             0.00000             0.97912            -0.47912
            95.33315             0.86513            -0.26888             0.00000             0.00000             0.98233            -0.48233
            96.59584             0.86716            -0.27018             0.00000             0.00000             0.98551            -0.48551
            97.85853             0.86918            -0.27146             0.00000             0.00000             0.98867            -0.48867
            99.12122             0.87118            -0.27274             0.00000             0.00000             0.99182            -0.49182
           100.38391             0.87316            -0.27400             0.00000             0.00000             0.99494            -0.49494
           101.64660             0.87513            -0.27526             0.00000             0.00000             0.99804            -0.49804
           102.90930             0.87709            -0.27650             0.00000             0.00000             1.00112            -0.50112
           104.17199             0.87902            -0.27774             0.00000             0.00000             1.00419            -0.50419
           105.43468             0.88095            -0.27896             0.00000             0.00000             1.00724            -0.50724
           106.69737             0.88286            -0.28017             0.00000             0.00000             1.01026            -0.51026
           107.96006             0.88475            -0.28138             0.00000             0.00000             1.01328            -0.51328
           109.22275             0.88664            -0.28257             0.00000             0.00000             1.01627            -0.51627
           110.48544             0.88850            -0.28376             0.00000             0.00000             1.01924            -0.51924
           111.74813             0.89036            -0.28494             0.00000             0.00000             1.02220            -0.52220
           113.01082             0.89220            -0.28610             0.00000             0.00000             1.02514            -0.52514
           114.27351             0.89403            -0.28726             0.00000             0.00000             1.02807            -0.52807
           115.53620             0.89584            -0.28841             0.00000             0.00000             1.03098            -0.53098
           116.79889             0.89764            -0.28955             0.00000             0.00000             1.03387            -0.53387
           118.06158             0.89944            -0.29069             0.00000             0.00000             1.03675            -0.53675
           119.32427             0.90121            -0.29181             0.00000             0.00000             1.03961            -0.53961
           120.58697             0.90298            -0.29293             0.00000             0.00000             1.04246            -0.54246
           121.84966             0.90474            -0.29404             0.00000             0.00000             1.04529            -0.54529
           123.11235             0.90648            -0.29514             0.00000             0.00000             1.04811            -0.54811
           124.37504             0.90821            -0.29623             0.00000             0.00000             1.05092            -0.55092
           125.63773             0.90993            -0.29732             0.00000             0.00000             1.05371            -0.55371
           126.90042             0.91164            -0.29840             0.00000             0.00000             1.05648            -0.55648
           128.16311             0.91334            -0.29947             0.00000             0.00000             1.05924            -0.55924
           129.42580             0.91503            -0.30053             0.00000             0.00000             1.06199            -0.56199
           130.68849             0.91671            -0.30159             0.00000             0.00000             1.06473            -0.56473
           131.95118             0.91838            -0.30264             0.00000             0.00000             1.06745            -0.56745
           133.21387             0.92004            -0.30368             0.00000             0.00000             1.07016            -0.57016
           134.47656             0.92169            -0.30472             0.00000             0.00000             1.07285            -0.57285
           135.73925             0.92332            -0.30575             0.00000             0.00000             1.07553            -0.57553
           137.00195             0.92495            -0.30677             0.00000             0.00000             1.07821            -0.57821
           138.26464             0.92657            -0.30779             0.00000             0.00000             1.08086            -0.58086
           139.52733             0.92818            -0.30880             0.00000             0.00000             1.08351            -0.58351
           140.79002             0.92978            -0.30981             0.00000             0.00000             1.08614            -0.58614
           142.05271             0.93138            -0.31081             0.00000             0.00000             1.08877            -0.58877
           143.31540             0.93296            -0.31180             0.00000             0.00000             1.09138            -0.59138
           144.57809             0.93453            -0.31279             0.00000             0.00000             1.09398            -0.59398
           145.84078             0.93610            -0.31377             0.00000             0.00000             1.09657            -0.59657
           147.10347             0.93765            -0.31474             0.00000             0.00000             1.09914            -0.59914
           148.36616             0.93920            -0.31571             0.00000             0.00000             1.10171            -0.60171
           149.62885             0.94074            -0.31668             0.00000             0.00000             1.10426            -0.60426
           150.89154             0.94227            -0.31764             0.00000             0.00000             1.10681            -0.60681
           152.15423             0.94380            -0.31859             0.00000             0.00000             1.10934            -0.60934
           153.41692             0.94531            -0.31954             0.00000             0.00000             1.11186            -0.61186
           154.67962             0.94682            -0.32048             0.00000             0.00000             1.11438            -0.61438
           155.94231             0.94832            -0.32142             0.00000             0.00000             1.11688            -0.61688
           157.20500             0.94981            -0.32235             0.00000             0.00000             1.11937            -0.61937
           158.46769             0.95130            -0.32328             0.00000             0.00000             1.12185            -0.62185
           159.73038             0.95277            -0.32420             0.00000             0.00000             1.12433            -0.62433
           160.99307             0.95424            -0.32512             0.00000             0.00000             1.12679            -0.62679
           162.25576             0.95570            -0.32603             0.00000             0.00000             1.12924            -0.62924
           163.51845             0.95716            -0.32694             0.00000             0.00000             1.13169            -0.63169
           164.78114             0.95861            -0.32784             0.00000             0.00000             1.13412            -0.63412
           166.04383             0.96005            -0.32874             0.00000             0.00000             1.13655            -0.63655
           167.30652             0.96148            -0.32963             0.00000             0.00000             1.13896            -0.63896
           168.56921             0.96291            -0.33052             0.00000             0.00000             1.14137            -0.64137
           169.83190             0.96433            -0.33141             0.00000             0.00000             1.14377            -0.64377
           171.09460             0.96574            -0.33229             0.00000             0.00000             1.14616            -0.64616
           172.35729             0.96715            -0.33316             0.00000             0.00000             1.14854            -0.64854
           173.61998             0.96855            -0.33404             0.00000             0.00000             1.15091            -0.65091
           174.88267             0.96994            -0.33490             0.00000             0.00000             1.15327            -0.65327
           176.14536             0.97133            -0.33577             0.00000             0.00000             1.15562            -0.65562
           177.40805             0.97271            -0.33663             0.00000             0.00000             1.15797            -0.65797
           178.67074             0.97408            -0.33748             0.00000             0.00000             1.16031            -0.66031
           179.93343             0.97545            -0.33833             0.00000             0.00000             1.16264            -0.66264
           181.19612             0.97681            -0.33918             0.00000             0.00000             1.16496            -0.66496
           182.45881             0.97817            -0.34002             0.00000             0.00000             1.16727            -0.66727
           183.72150             0.97952            -0.34086             0.00000             0.00000             1.16957            -0.66957
           184.98419             0.98087            -0.34169             0.00000             0.00000             1.17187            -0.67187
           186.24688             0.98220            -0.34252             0.00000             0.00000             1.17416            -0.67416
           187.50957             0.98354            -0.34335             0.00000             0.00000             1.17644            -0.67644
           188.77227             0.98486            -0.34418             0.00000             0.00000             1.17872            -0.67872
           190.03496             0.98618            -0.34499             0.00000             0.00000             1.18098            -0.68098
           191.29765             0.98750            -0.34581             0.00000             0.00000             1.18324            -0.68324
           192.56034             0.98881            -0.34662             0.00000             0.00000             1.18549            -0.68549
           193.82303             0.99011            -0.34743             0.00000             0.00000             1.18774            -0.68774
           195.08572             0.99141            -0.34824             0.00000             0.00000             1.18997            -0.68997
           196.34841             0.99271            -0.34904             0.00000             0.00000             1.19220            -0.69220
           197.61110             0.99400            -0.34984             0.00000             0.00000             1.19442            -0.69442
           198.87379             0.99528            -0.35063             0.00000             0.00000             1.19664            -0.69664
           200.13648             0.99656            -0.35142             0.00000             0.00000             1.19885            -0.69885
           201.39917             0.99783            -0.35221             0.00000             0.00000             1.20105            -0.70105
           202.66186             0.99910            -0.35300             0.00000             0.00000             1.20324            -0.70324
           203.92455             1.00036            -0.35378             0.00000             0.00000             1.20543            -0.70543
           205.18725             1.00162            -0.35455             0.00000             0.00000             1.20761            -0.70761
           206.44994             1.00287            -0.35533             0.00000             0.00000             1.20978            -0.70978
           207.71263             1.00412            -0.35610             0.00000             0.00000             1.21195            -0.71195
           208.97532             1.00536            -0.35687             0.00000             0.00000             1.21411            -0.71411
           210.23801             1.00660            -0.35763             0.00000             0.00000             1.21627            -0.71627
           211.50070             1.00783            -0.35840             0.00000             0.00000             1.21841            -0.71841
           212.76339             1.00906            -0.35916             0.00000             0.00000             1.22056            -0.72056
           214.02608             1.01029            -0.35991             0.00000             0.00000             1.22269            -0.72269
           215.28877             1.01151            -0.36067             0.00000             0.00000             1.22482            -0.72482
           216.55146             1.01272            -0.36142             0.00000             0.00000             1.22694            -0.72694
           217.81415             1.01393            -0.36216             0.00000             0.00000             1.22906            -0.72906
           219.07684             1.01514            -0.36291             0.00000             0.00000             1.23117            -0.73117
           220.33953             1.01634            -0.36365             0.00000             0.00000             1.23327            -0.73327
           221.60222             1.01753            -0.36439             0.00000             0.00000             1.23537            -0.73537
           222.86492             1.01873            -0.36512             0.00000             0.00000             1.23746            -0.73746
           224.12761             1.01992            -0.36585             0.00000             0.00000             1.23955            -0.73955
           225.39030             1.02110            -0.36658             0.00000             0.00000             1.24163            -0.74163
           226.65299             1.02228            -0.36731             0.00000             0.00000             1.24370            -0.74370
           227.91568             1.02345            -0.36804             0.00000             0.00000             1.24577            -0.74577
           229.17837             1.02463            -0.36876             0.00000             0.00000             1.24783            -0.74783
           230.44106             1.02579            -0.36948             0.00000             0.00000             1.24989            -0.74989
           231.70375             1.02696            -0.37019             0.00000             0.00000             1.25194            -0.75194
           232.96644             1.02812            -0.37091             0.00000             0.00000             1.25399            -0.75399
           234.22913             1.02927            -0.37162             0.00000             0.00000             1.25603            -0.75603
           235.49182             1.03042            -0.37233             0.00000             0.00000             1.25807            -0.75807
           236.75451             1.03157            -0.37303             0.00000             0.00000             1.26009            -0.76010
           238.01720             1.03271            -0.37374             0.00000             0.00000             1.26212            -0.76212
           239.27990             1.03385            -0.37444             0.00000             0.00000             1.26414            -0.76414
           240.54259             1.03499            -0.37514             0.00000             0.00000             1.26615            -0.76615
           241.80528             1.03612            -0.37583             0.00000             0.00000             1.26816            -0.76816
           243.06797             1.03724            -0.37652             0.00000             0.00000             1.27016            -0.77016
           244.33066             1.03837            -0.37722             0.00000             0.00000             1.27216            -0.77216
           245.59335             1.03949            -0.37790             0.00000             0.00000             1.27415            -0.77415
           246.85604             1.04061            -0.37859             0.00000             0.00000             1.27614            -0.77614
           248.11873             1.04172            -0.37927             0.00000             0.00000             1.27812            -0.77812
           249.38142             1.04283            -0.37996             0.00000             0.00000             1.28010            -0.78010
           250.64411             1.04393            -0.38063             0.00000             0.00000             1.28207            -0.78207
           251.90680             1.04504            -0.38131             0.00000             0.00000             1.28404            -0.78404
           253.16949             1.04613            -0.38199             0.00000             0.00000             1.28600            -0.78600
           254.43218             1.04723            -0.38266             0.00000             0.00000             1.28796            -0.78796
           255.69487             1.04832            -0.38333             0.00000             0.00000             1.28991            -0.78991
           256.95757             1.04941            -0.38400             0.00000             0.00000             1.29186            -0.79186
           258.22026             1.05049            -0.38466             0.00000             0.00000             1.29381            -0.79381
           259.48295             1.05157            -0.38533             0.00000             0.00000             1.29574            -0.79574
           260.74564             1.05265            -0.38599             0.00000             0.00000             1.29768            -0.79768
           262.00833             1.05373            -0.38665             0.00000             0.00000             1.29961            -0.79961
           263.27102             1.05480            -0.38730             0.00000             0.00000             1.30153            -0.80153
           264.53371             1.05586            -0.38796             0.00000             0.00000             1.30345            -0.80345
           265.79640             1.05693            -0.38861             0.00000             0.00000             1.30537            -0.80537
           267.05909             1.05799            -0.38926             0.00000             0.00000             1.30728            -0.80728
           268.32178             1.05905            -0.38991             0.00000             0.00000             1.30918            -0.80918
           269.58447             1.06010            -0.39056             0.00000             0.00000             1.31108            -0.81108
           270.84716             1.06115            -0.39120             0.00000             0.00000             1.31298            -0.81298
           272.10985             1.06220            -0.39184             0.00000             0.00000             1.31487            -0.81487
           273.37255             1.06325            -0.39248             0.00000             0.00000             1.31676            -0.81676
           274.63524             1.06429            -0.39312             0.00000             0.00000             1.31865            -0.81865
           275.89793             1.06533            -0.39376             0.00000             0.00000             1.32053            -0.82053
           277.16062             1.06637            -0.39439             0.00000             0.00000             1.32240            -0.82240
           278.42331             1.06740            -0.39502             0.00000             0.00000             1.32427            -0.82427
           279.68600             1.06843            -0.39565             0.00000             0.00000             1.32614            -0.82614
           280.94869             1.06946            -0.39628             0.00000             0.00000             1.32800            -0.82800
           282.21138             1.07048            -0.39691             0.00000             0.00000             1.32986            -0.82986
           283.47407             1.07150            -0.39753             0.00000             0.00000             1.33172            -0.83172
           284.73676             1.07252            -0.39816             0.00000             0.00000             1.33357            -0.83357
           285.99945             1.07353            -0.39878             0.00000             0.00000             1.33541            -0.83541
           287.26214             1.07455            -0.39940             0.00000             0.00000             1.33726            -0.83726
           288.52483             1.07556            -0.40002             0.00000             0.00000             1.33909            -0.83909
           289.78752             1.07656            -0.40063             0.00000             0.00000             1.34093            -0.84093
           291.05022             1.07757            -0.40124             0.00000             0.00000             1.34276            -0.84276
           292.31291             1.07857            -0.40186             0.00000             0.00000             1.34458            -0.84458
           293.57560             1.07957            -0.40247             0.00000             0.00000             1.34641            -0.84641
           294.83829             1.08056            -0.40307             0.00000             0.00000             1.34822            -0.84822
           296.10098             1.08155            -0.40368             0.00000             0.00000             1.35004            -0.85004
           297.36367             1.08254            -0.40429             0.00000             0.00000             1.35185            -0.85185
           298.62636             1.08353            -0.40489             0.00000             0.00000             1.35366            -0.85366
           299.88905             1.08452            -0.40549             0.00000             0.00000             1.35546            -0.85546
           301.15174             1.08550            -0.40609             0.00000             0.00000             1.35726            -0.85726
           302.41443             1.08648            -0.40669             0.00000             0.00000             1.35905            -0.85905
           303.67712             1.08745            -0.40728             0.00000             0.00000             1.36084            -0.86084
           304.93981             1.08843            -0.40788             0.00000             0.00000             1.36263            -0.86263
           306.20250             1.08940            -0.40847             0.00000             0.00000             1.36442            -0.86442
           307.46520             1.09037            -0.40906             0.00000             0.00000             1.36620            -0.86620
           308.72789             1.09133            -0.40965             0.00000             0.00000             1.36797            -0.86797
           309.99058             1.09230            -0.41024             0.00000             0.00000             1.36975            -0.86975
           311.25327             1.09326            -0.41083             0.00000             0.00000             1.37152            -0.87152
           312.51596             1.09422            -0.41141             0.00000             0.00000             1.37328            -0.87328
           313.77865             1.09517            -0.41200             0.00000             0.00000             1.37505            -0.87505
           315.04134             1.09613            -0.41258             0.00000             0.00000             1.37680            -0.87680
           316.30403             1.09708            -0.41316             0.00000             0.00000             1.37856            -0.87856
           317.56672             1.09803            -0.41374             0.00000             0.00000             1.38031            -0.88031
           318.82941             1.09897            -0.41431             0.00000             0.00000             1.38206            -0.88206
           320.09210             1.09992            -0.41489             0.00000             0.00000             1.38380            -0.88380
           321.35479             1.10086            -0.41546             0.00000             0.00000             1.38555            -0.88555
           322.61748             1.10180            -0.41603             0.00000             0.00000             1.38728            -0.88728
           323.88017             1.10273            -0.41660             0.00000             0.00000             1.38902            -0.88902
           325.14287             1.10367            -0.41717             0.00000             0.00000             1.39075            -0.89075
           326.40556             1.10460            -0.41774             0.00000             0.00000             1.39248            -0.89248
           327.66825             1.10553            -0.41831             0.00000             0.00000             1.39420            -0.89420
           328.93094             1.10646            -0.41887             0.00000             0.00000             1.39592            -0.89592
           330.19363             1.10738            -0.41944             0.00000             0.00000             1.39764            -0.89764
           331.45632             1.10830            -0.42000             0.00000             0.00000             1.39936            -0.89936
           332.71901             1.10923            -0.42056             0.00000             0.00000             1.40107            -0.90107
           333.98170             1.11014            -0.42112             0.00000             0.00000             1.40278            -0.90278
           335.24439             1.11106            -0.42168             0.00000             0.00000             1.40448            -0.90448
           336.50708             1.11197            -0.42223             0.00000             0.00000             1.40618            -0.90618
           337.76977             1.11288            -0.42279             0.00000             0.00000             1.40788            -0.90788
           339.03246             1.11379            -0.42334             0.00000             0.00000             1.40958            -0.90958
           340.29515             1.11470            -0.42389             0.00000             0.00000             1.41127            -0.91127
           341.55785             1.11561            -0.42444             0.00000             0.00000             1.41296            -0.91296
           342.82054             1.11651            -0.42499             0.00000             0.00000             1.41464            -0.91464
           344.08323             1.11741            -0.42554             0.00000             0.00000             1.41633            -0.91633
           345.34592             1.11831            -0.42609             0.00000             0.00000             1.41801            -0.91801
           346.60861             1.11920            -0.42663             0.00000             0.00000             1.41968            -0.91968
           347.87130             1.12010            -0.42717             0.00000             0.00000             1.42136            -0.92136
           349.13399             1.12099            -0.42772             0.00000             0.00000             1.42303            -0.92303
           350.39668             1.12188            -0.42826             0.00000             0.00000             1.42470            -0.92470
           351.65937             1.12277            -0.42880             0.00000             0.00000             1.42636            -0.92636
           352.92206             1.12365            -0.42934             0.00000             0.00000             1.42802            -0.92802
           354.18475             1.12454            -0.42987             0.00000             0.00000             1.42968            -0.92968
           355.44744             1.12542            -0.43041             0.00000             0.00000             1.43134            -0.93134
           356.71013             1.12630            -0.43094             0.00000             0.00000             1.43299            -0.93299
           357.97282             1.12718            -0.43148             0.00000             0.00000             1.43464            -0.93464
           359.23552             1.12805            -0.43201             0.00000             0.00000             1.43629            -0.93629
           360.49821             1.12893            -0.43254             0.00000             0.00000             1.43793            -0.93793
           361.76090             1.12980            -0.43307             0.00000             0.00000             1.43957            -0.93957
           363.02359             1.13067            -0.43360             0.00000             0.00000             1.44121            -0.94121
           364.28628             1.13154            -0.43413             0.00000             0.00000             1.44284            -0.94284
           365.54897             1.13240            -0.43465             0.00000             0.00000             1.44448            -0.94448
           366.81166             1.13327            -0.43518             0.00000             0.00000             1.44611            -0.94611
           368.07435             1.13413            -0.43570             0.00000             0.00000             1.44773            -0.94773
           369.33704             1.13499            -0.43622             0.00000             0.00000             1.44936            -0.94936
           370.59973             1.13585            -0.43674             0.00000             0.00000             1.45098            -0.95098
           371.86242             1.13670            -0.43726             0.00000             0.00000             1.45260            -0.95260
           373.12511             1.13756            -0.43778             0.00000             0.00000             1.45421            -0.95421
           374.38780             1.13841            -0.43830             0.00000             0.00000             1.45583            -0.95583
           375.65050             1.13926            -0.43882             0.00000             0.00000             1.45744            -0.95744
           376.91319             1.14011            -0.43933             0.00000             0.00000             1.45905            -0.95905
           378.17588             1.14096            -0.43984             0.00000             0.00000             1.46065            -0.96065
           379.43857             1.14180            -0.44036             0.00000             0.00000             1.46225            -0.96225
           380.70126             1.14265            -0.44087             0.00000             0.00000             1.46385            -0.96385
           381.96395             1.14349            -0.44138             0.00000             0.00000             1.46545            -0.96545
           383.22664             1.14433            -0.44189             0.00000             0.00000             1.46704            -0.96704
           384.48933             1.14517            -0.44240             0.00000             0.00000             1.46864            -0.96864
           385.75202             1.14600            -0.44290             0.00000             0.00000             1.47023            -0.97023
           387.01471             1.14684            -0.44341             0.00000             0.00000             1.47181            -0.97181
           388.27740             1.14767            -0.44391             0.00000             0.00000             1.47340            -0.97340
           389.54009             1.14850            -0.44442             0.00000             0.00000             1.47498            -0.97498
           390.80278             1.14933            -0.44492             0.00000             0.00000             1.47656            -0.97656
           392.06547             1.15016            -0.44542             0.00000             0.00000             1.47813            -0.97813
           393.32817             1.15098            -0.44592             0.00000             0.00000             1.47971            -0.97971
           394.59086             1.15181            -0.44642             0.00000             0.00000             1.48128            -0.98128
           395.85355             1.15263            -0.44692             0.00000             0.00000             1.48285            -0.98285
           397.11624             1.15345            -0.44742             0.00000             0.00000             1.48441            -0.98441
           398.37893             1.15427            -0.44791             0.00000             0.00000             1.48598            -0.98598
           399.64162             1.15509            -0.44841             0.00000             0.00000             1.48754            -0.98754
           400.90431             1.15590            -0.44890             0.00000             0.00000             1.48910            -0.98910
           402.16700             1.15671            -0.44940             0.00000             0.00000             1.49065            -0.99065
           403.42969             1.15753            -0.44989             0.00000             0.00000             1.49221            -0.99221
           404.69238             1.15834            -0.45038             0.00000             0.00000             1.49376            -0.99376
           405.95507             1.15915            -0.45087             0.00000             0.00000             1.49531            -0.99531
           407.21776             1.15995            -0.45136             0.00000             0.00000             1.49686            -0.99686
           408.48045             1.16076            -0.45184             0.00000             0.00000             1.49840            -0.99840
           409.74315             1.16156            -0.45233             0.00000             0.00000             1.49994            -0.99994
           411.00584             1.16237            -0.45282             0.00000             0.00000             1.50148            -1.00148
           412.26853             1.16317            -0.45330             0.00000             0.00000             1.50302            -1.00302
           413.53122             1.16397            -0.45379             0.00000             0.00000             1.50455            -1.00455
           414.79391             1.16476            -0.45427             0.00000             0.00000             1.50609            -1.00609
           416.05660             1.16556            -0.45475             0.00000             0.00000             1.50762            -1.00762
           417.31929             1.16635            -0.45523             0.00000             0.00000             1.50914            -1.00914
           418.58198             1.16715            -0.45571             0.00000             0.00000             1.51067            -1.01067
           419.84467             1.16794            -0.45619             0.00000             0.00000             1.51219            -1.01219
           421.10736             1.16873            -0.45667             0.00000             0.00000             1.51371            -1.01371
           422.37005             1.16952            -0.45714             0.00000             0.00000             1.51523            -1.01523
           423.63274             1.17030            -0.45762             0.00000             0.00000             1.51675            -1.01675
           424.89543             1.17109            -0.45810             0.00000             0.00000             1.51826            -1.01826
           426.15812             1.17187            -0.45857             0.00000             0.00000             1.51977            -1.01977
           427.42082             1.17265            -0.45904             0.00000             0.00000             1.52128            -1.02128
           428.68351             1.17344            -0.45951             0.00000             0.00000             1.52279            -1.02279
           429.94620             1.17421            -0.45999             0.00000             0.00000             1.52430            -1.02430
           431.20889             1.17499            -0.46046             0.00000             0.00000             1.52580            -1.02580
           432.47158             1.17577            -0.46092             0.00000             0.00000             1.52730            -1.02730
           433.73427             1.17654            -0.46139             0.00000             0.00000             1.52880            -1.02880
           434.99696             1.17732            -0.46186             0.00000             0.00000             1.53030            -1.03030
           436.25965             1.17809            -0.46233             0.00000             0.00000             1.53179            -1.03179
           437.52234             1.17886            -0.46279             0.00000             0.00000             1.53328            -1.03328
           438.78503             1.17963            -0.46326             0.00000             0.00000             1.53477            -1.03477
           440.04772             1.18040            -0.46372             0.00000             0.00000             1.53626            -1.03626
           441.31041             1.18116            -0.46418             0.00000             0.00000             1.53775            -1.03775
           442.57310             1.18193            -0.46465             0.00000             0.00000             1.53923            -1.03923
           443.83580             1.18269            -0.46511             0.00000             0.00000             1.54071            -1.04071
           445.09849             1.18345            -0.46557             0.00000             0.00000             1.54219            -1.04219
           446.36118             1.18421            -0.46603             0.00000             0.00000             1.54367            -1.04367
           447.62387             1.18497            -0.46649             0.00000             0.00000             1.54514            -1.04514
           448.88656             1.18573            -0.46694             0.00000             0.00000             1.54662            -1.04662
           450.14925             1.18649            -0.46740             0.00000             0.00000             1.54809            -1.04809
           451.41194             1.18724            -0.46786             0.00000             0.00000             1.54956            -1.04956
           452.67463             1.18799            -0.46831             0.00000             0.00000             1.55102            -1.05102
           453.93732             1.18875            -0.46877             0.00000             0.00000             1.55249            -1.05249
           455.20001             1.18950            -0.46922             0.00000             0.00000             1.55395            -1.05395
           456.46270             1.19025            -0.46967             0.00000             0.00000             1.55541            -1.05541
           457.72539             1.19099            -0.47012             0.00000             0.00000             1.55687            -1.05687
           458.98808             1.19174            -0.47057             0.00000             0.00000             1.55833            -1.05833
           460.25077             1.19249            -0.47102             0.00000             0.00000             1.55978            -1.05978
           461.51347             1.19323            -0.47147             0.00000             0.00000             1.56123            -1.06123
           462.77616             1.19397            -0.47192             0.00000             0.00000             1.56268            -1.06268
           464.03885             1.19472            -0.47237             0.00000             0.00000             1.56413            -1.06413
           465.30154             1.19546            -0.47281             0.00000             0.00000             1.56558            -1.06558
           466.56423             1.19619            -0.47326             0.00000             0.00000             1.56702            -1.06702
           467.82692             1.19693            -0.47371             0.00000             0.00000             1.56847            -1.06847
           469.08961             1.19767            -0.47415             0.00000             0.00000             1.56991            -1.06991
           470.35230             1.19840            -0.47459             0.00000             0.00000             1.57135            -1.07135
           471.61499             1.19914            -0.47504             0.00000             0.00000             1.57278            -1.07278
           472.87768             1.19987            -0.47548             0.00000             0.00000             1.57422            -1.07422
           474.14037             1.20060            -0.47592             0.00000             0.00000             1.57565            -1.07565
           475.40306             1.20133            -0.47636             0.00000             0.00000             1.57708            -1.07708
           476.66575             1.20206            -0.47680             0.00000             0.00000             1.57851            -1.07851
           477.92845             1.20279            -0.47724             0.00000             0.00000             1.57994            -1.07994
           479.19114             1.20351            -0.47767             0.00000             0.00000             1.58137            -1.08137
           480.45383             1.20424            -0.47811             0.00000             0.00000             1.58279            -1.08279
           481.71652             1.20496            -0.47855             0.00000             0.00000             1.58421            -1.08421
           482.97921             1.20568            -0.47898             0.00000             0.00000             1.58563            -1.08563
           484.24190             1.20640            -0.47942             0.00000             0.00000             1.58705            -1.08705
           485.50459             1.20712            -0.47985             0.00000             0.00000             1.58847            -1.08847
           486.76728             1.20784            -0.48029             0.00000             0.00000             1.58988            -1.08988
           488.02997             1.20856            -0.48072             0.00000             0.00000             1.59129            -1.09129
           489.29266             1.20928            -0.48115             0.00000             0.00000             1.59271            -1.09271
           490.55535             1.20999            -0.48158             0.00000             0.00000             1.59411            -1.09411
           491.81804             1.21071            -0.48201             0.00000             0.00000             1.59552            -1.09552
           493.08073             1.21142            -0.48244             0.00000             0.00000             1.59693            -1.09693
           494.34342             1.21213            -0.48287             0.00000             0.00000             1.59833            -1.09833
           495.60612             1.21284            -0.48330             0.00000             0.00000             1.59973            -1.09973
           496.86881             1.21355            -0.48372             0.00000             0.00000             1.60113            -1.10113
           498.13150             1.21426            -0.48415             0.00000             0.00000             1.60253            -1.10253
           499.39419             1.21496            -0.48458             0.00000             0.00000             1.60393            -1.10393
           500.65688             1.21567            -0.48500             0.00000             0.00000             1.60532            -1.10532
           501.91957             1.21638            -0.48543             0.00000             0.00000             1.60672            -1.10672
           503.18226             1.21708            -0.48585             0.00000             0.00000             1.60811            -1.10811
           504.44495             1.21778            -0.48627             0.00000             0.00000             1.60950            -1.10950
           505.70764             1.21848            -0.48669             0.00000             0.00000             1.61088            -1.11088
           506.97033             1.21918            -0.48712             0.00000             0.00000             1.61227            -1.11227
           508.23302             1.21988            -0.48754             0.00000             0.00000             1.61365            -1.11365
           509.49571             1.22058            -0.48796             0.00000             0.00000             1.61504            -1.11504
           510.75840             1.22127            -0.48838             0.00000             0.00000             1.61642            -1.11642
           512.02110             1.22197            -0.48879             0.00000             0.00000             1.61780            -1.11780
           513.28379             1.22266            -0.48921             0.00000             0.00000             1.61917            -1.11917
           514.54648             1.22336            -0.48963             0.00000             0.00000             1.62055            -1.12055
           515.80917             1.22405            -0.49005             0.00000             0.00000             1.62192            -1.12192
           517.07186             1.22474            -0.49046             0.00000             0.00000             1.62330            -1.12330
           518.33455             1.22543            -0.49088             0.00000             0.00000             1.62467            -1.12467
           519.59724             1.22612            -0.49129             0.00000             0.00000             1.62604            -1.12604
           520.85993             1.22681            -0.49171             0.00000             0.00000             1.62740            -1.12740
           522.12262             1.22749            -0.49212             0.00000             0.00000             1.62877            -1.12877
           523.38531             1.22818            -0.49253             0.00000             0.00000             1.63013            -1.13013
           524.64800             1.22886            -0.49294             0.00000             0.00000             1.63150            -1.13150
           525.91069             1.22955            -0.49335             0.00000             0.00000             1.63286            -1.13286
           527.17338             1.23023            -0.49377             0.00000             0.00000             1.63422            -1.13422
           528.43607             1.23091            -0.49418             0.00000             0.00000             1.63557            -1.13557
           529.69877             1.23159            -0.49458             0.00000             0.00000             1.63693            -1.13693
           530.96146             1.23227            -0.49499             0.00000             0.00000             1.63828            -1.13828
           532.22415             1.23295            -0.49540             0.00000             0.00000             1.63964            -1.13964
           533.48684             1.23362            -0.49581             0.00000             0.00000             1.64099            -1.14099
           534.74953             1.23430            -0.49621             0.00000             0.00000             1.64234            -1.14234
           536.01222             1.23498            -0.49662             0.00000             0.00000             1.64368            -1.14368
           537.27491             1.23565            -0.49703             0.00000             0.00000             1.64503            -1.14503
           538.53760             1.23632            -0.49743             0.00000             0.00000             1.64638            -1.14638
           539.80029             1.23699            -0.49783             0.00000             0.00000             1.64772            -1.14772
           541.06298             1.23767            -0.49824             0.00000             0.00000             1.64906            -1.14906
           542.32567             1.23833            -0.49864             0.00000             0.00000             1.65040            -1.15040
           543.58836             1.23900            -0.49904             0.00000             0.00000             1.65174            -1.15174
           544.85105             1.23967            -0.49944             0.00000             0.00000             1.65308            -1.15308
           546.11375             1.24034            -0.49984             0.00000             0.00000             1.65441            -1.15441
           547.37644             1.24100            -0.50024             0.00000             0.00000             1.65574            -1.15574
           548.63913             1.24167            -0.50064             0.00000             0.00000             1.65708            -1.15708
           549.90182             1.24233            -0.50104             0.00000             0.00000             1.65841            -1.15841
           551.16451             1.24300            -0.50144             0.00000             0.00000             1.65974            -1.15974
           552.42720             1.24366            -0.50184             0.00000             0.00000             1.66106            -1.16106
           553.68989             1.24432            -0.50224             0.00000             0.00000             1.66239            -1.16239
           554.95258             1.24498            -0.50263             0.00000             0.00000             1.66372            -1.16372
           556.21527             1.24564            -0.50303             0.00000             0.00000             1.66504            -1.16504
           557.47796             1.24629            -0.50342             0.00000             0.00000             1.66636            -1.16636
           558.74065             1.24695            -0.50382             0.00000             0.00000             1.66768            -1.16768
           560.00334             1.24761            -0.50421             0.00000             0.00000             1.66900            -1.16900
           561.26603             1.24826            -0.50461             0.00000             0.00000             1.67032            -1.17032
           562.52872             1.24892            -0.50500             0.00000             0.00000             1.67163            -1.17163
           563.79142             1.24957            -0.50539             0.00000             0.00000             1.67295            -1.17295
           565.05411             1.25022            -0.50578             0.00000             0.00000             1.67426            -1.17426
           566.31680             1.25087            -0.50617             0.00000             0.00000             1.67557            -1.17557
           567.57949             1.25152            -0.50656             0.00000             0.00000             1.67688            -1.17688
           568.84218             1.25217            -0.50695             0.00000             0.00000             1.67819            -1.17819
           570.10487             1.25282            -0.50734             0.00000             0.00000             1.67950            -1.17950
           571.36756             1.25347            -0.50773             0.00000             0.00000             1.68080            -1.18080
           572.63025             1.25411            -0.50812             0.00000             0.00000             1.68210            -1.18210
           573.89294             1.25476            -0.50851             0.00000             0.00000             1.68341            -1.18341
           575.15563             1.25540            -0.50890             0.00000             0.00000             1.68471            -1.18471
           576.41832             1.25605            -0.50928             0.00000             0.00000             1.68601            -1.18601
           577.68101             1.25669            -0.50967             0.00000             0.00000             1.68731            -1.18731
           578.94370             1.25733            -0.51005             0.00000             0.00000             1.68860            -1.18860
           580.20640             1.25797            -0.51044             0.00000             0.00000             1.68990            -1.18990
           581.46909             1.25861            -0.51082             0.00000             0.00000             1.69119            -1.19119
           582.73178             1.25925            -0.51121             0.00000             0.00000             1.69249            -1.19249
           583.99447             1.25989            -0.51159             0.00000             0.00000             1.69378            -1.19378
           585.25716             1.26053            -0.51197             0.00000             0.00000             1.69507            -1.19507
           586.51985             1.26116            -0.51235             0.00000             0.00000             1.69636            -1.19636
           587.78254             1.26180            -0.51273             0.00000             0.00000             1.69764            -1.19764
           589.04523             1.26243            -0.51312             0.00000             0.00000             1.69893            -1.19893
           590.30792             1.26307            -0.51350             0.00000             0.00000             1.70021            -1.20021
           591.57061             1.26370            -0.51388             0.00000             0.00000             1.70150            -1.20150
           592.83330             1.26433            -0.51425             0.00000             0.00000             1.70278            -1.20278
           594.09599             1.26496            -0.51463             0.00000             0.00000             1.70406            -1.20406
           595.35868             1.26559            -0.51501             0.00000             0.00000             1.70534            -1.20534
           596.62137             1.26622            -0.51539             0.00000             0.00000             1.70661            -1.20661
           597.88407             1.26685            -0.51577             0.00000             0.00000             1.70789            -1.20789
           599.14676             1.26748            -0.51614             0.00000             0.00000             1.70916            -1.20916
           600.40945             1.26811            -0.51652             0.00000             0.00000             1.71044            -1.21044
           601.67214             1.26873            -0.51689             0.00000             0.00000             1.71171            -1.21171
           602.93483             1.26936            -0.51727             0.00000             0.00000             1.71298            -1.21298
           604.19752             1.26998            -0.51764             0.00000             0.00000             1.71425            -1.21425
           605.46021             1.27060            -0.51802             0.00000             0.00000             1.71552            -1.21552
           606.72290             1.27123            -0.51839             0.00000             0.00000             1.71679            -1.21679
           607.98559             1.27185            -0.51876             0.00000             0.00000             1.71805            -1.21805
           609.24828             1.27247            -0.51913             0.00000             0.00000             1.71931            -1.21931
           610.51097             1.27309            -0.51951             0.00000             0.00000             1.72058            -1.22058
           611.77366             1.27371            -0.51988             0.00000             0.00000             1.72184            -1.22184
           613.03635             1.27433            -0.52025             0.00000             0.00000             1.72310            -1.22310
           614.29905             1.27494            -0.52062             0.00000             0.00000             1.72436            -1.22436
           615.56174             1.27556            -0.52099             0.00000             0.00000             1.72562            -1.22562
           616.82443             1.27618            -0.52136             0.00000             0.00000             1.72687            -1.22687
           618.08712             1.27679            -0.52173             0.00000             0.00000             1.72813            -1.22813
           619.34981             1.27741            -0.52209             0.00000             0.00000             1.72938            -1.22938
           620.61250             1.27802            -0.52246             0.00000             0.00000             1.73063            -1.23063
           621.87519             1.27863            -0.52283             0.00000             0.00000             1.73189            -1.23189
           623.13788             1.27924            -0.52320             0.00000             0.00000             1.73314            -1.23314
           624.40057             1.27985            -0.52356             0.00000             0.00000             1.73438            -1.23438
           625.66326             1.28046            -0.52393             0.00000             0.00000             1.73563            -1.23563
           626.92595             1.28107            -0.52429             0.00000             0.00000             1.73688            -1.23688
           628.18864             1.28168            -0.52466             0.00000             0.00000             1.73812            -1.23812
           629.45133             1.28229            -0.52502             0.00000             0.00000             1.73937            -1.23937
           630.71402             1.28290            -0.52539             0.00000             0.00000             1.74061            -1.24061
