        nu_e/omega_T             omega_r             omega_i            omega1_r            omega1_i            omega2_r            omega2_i
             0.14142             0.58080            -0.07147             0.00000             0.00000             0.58293            -0.08293
             0.42426             0.63633            -0.11407             0.00000             0.00000             0.64364            -0.14364
             0.70711             0.67272            -0.14039             0.00000             0.00000             0.68544            -0.18544
             0.98995             0.70128            -0.16044             0.00000             0.00000             0.71942            -0.21942
             1.27279             0.72532            -0.17696             0.00000             0.00000             0.74880            -0.24880
             1.55563             0.74632            -0.19118             0.00000             0.00000             0.77506            -0.27506
             1.83848             0.76511            -0.20375             0.00000             0.00000             0.79902            -0.29902
             2.12132             0.78221            -0.21508             0.00000             0.00000             0.82120            -0.32120
             2.40416             0.79796            -0.22544             0.00000             0.00000             0.84194            -0.34194
             2.68700             0.81260            -0.23500             0.00000             0.00000             0.86150            -0.36150
             2.96985             0.82631            -0.24391             0.00000             0.00000             0.88005            -0.38005
             3.25269             0.83923            -0.25226             0.00000             0.00000             0.89773            -0.39773
             3.53553             0.85147            -0.26013             0.00000             0.00000             0.91467            -0.41467
             3.81837             0.86311            -0.26759             0.00000             0.00000             0.93093            -0.43093
             4.10122             0.87422            -0.27468             0.00000             0.00000             0.94661            -0.44661
             4.38406             0.88486            -0.28145             0.00000             0.00000             0.96175            -0.46175
             4.66690             0.89507            -0.28792             0.00000             0.00000             0.97641            -0.47642
             4.94974             0.90490            -0.29414             0.00000             0.00000             0.99064            -0.49064
             5.23259             0.91438            -0.30012             0.00000             0.00000             1.00446            -0.50446
             5.51543             0.92354            -0.30589             0.00000             0.00000             1.01792            -0.51792
             5.79827             0.93241            -0.31146             0.00000             0.00000             1.03103            -0.53103
             6.08111             0.94101            -0.31685             0.00000             0.00000             1.04383            -0.54383
             6.36395             0.94936            -0.32207             0.00000             0.00000             1.05633            -0.55633
             6.64680             0.95747            -0.32713             0.00000             0.00000             1.06856            -0.56856
             6.92964             0.96536            -0.33205             0.00000             0.00000             1.08053            -0.58053
             7.21248             0.97306            -0.33684             0.00000             0.00000             1.09226            -0.59226
             7.49532             0.98056            -0.34150             0.00000             0.00000             1.10376            -0.60376
             7.77817             0.98788            -0.34605             0.00000             0.00000             1.11505            -0.61505
             8.06101             0.99504            -0.35048             0.00000             0.00000             1.12613            -0.62613
             8.34385             1.00203            -0.35481             0.00000             0.00000             1.13702            -0.63702
             8.62669             1.00888            -0.35904             0.00000             0.00000             1.14773            -0.64773
             8.90954             1.01558            -0.36318             0.00000             0.00000             1.15826            -0.65826
             9.19238             1.02215            -0.36723             0.00000             0.00000             1.16863            -0.66863
             9.47522             1.02859            -0.37120             0.00000             0.00000             1.17884            -0.67884
             9.75806             1.03491            -0.37509             0.00000             0.00000             1.18889            -0.68889
            10.04091             1.04111            -0.37890             0.00000             0.00000             1.19881            -0.69881
            10.32375             1.04720            -0.38264             0.00000             0.00000             1.20858            -0.70858
            10.60659             1.05318            -0.38631             0.00000             0.00000             1.21822            -0.71822
            10.88943             1.05906            -0.38992             0.00000             0.00000             1.22774            -0.72774
            11.17228             1.06484            -0.39346             0.00000             0.00000             1.23713            -0.73713
            11.45512             1.07053            -0.39694             0.00000             0.00000             1.24640            -0.74640
            11.73796             1.07613            -0.40037             0.00000             0.00000             1.25556            -0.75556
            12.02080             1.08164            -0.40373             0.00000             0.00000             1.26461            -0.76461
            12.30365             1.08707            -0.40705             0.00000             0.00000             1.27355            -0.77355
            12.58649             1.09242            -0.41032             0.00000             0.00000             1.28239            -0.78239
            12.86933             1.09769            -0.41353             0.00000             0.00000             1.29113            -0.79113
            13.15217             1.10289            -0.41670             0.00000             0.00000             1.29978            -0.79978
            13.43502             1.10802            -0.41982             0.00000             0.00000             1.30833            -0.80833
            13.71786             1.11307            -0.42290             0.00000             0.00000             1.31680            -0.81680
            14.00070             1.11806            -0.42594             0.00000             0.00000             1.32517            -0.82517
            14.28354             1.12299            -0.42893             0.00000             0.00000             1.33347            -0.83347
            14.56639             1.12785            -0.43189             0.00000             0.00000             1.34168            -0.84168
            14.84923             1.13265            -0.43480             0.00000             0.00000             1.34981            -0.84981
            15.13207             1.13739            -0.43768             0.00000             0.00000             1.35787            -0.85787
            15.41491             1.14208            -0.44052             0.00000             0.00000             1.36585            -0.86585
            15.69776             1.14671            -0.44333             0.00000             0.00000             1.37376            -0.87376
            15.98060             1.15128            -0.44610             0.00000             0.00000             1.38159            -0.88159
            16.26344             1.15581            -0.44885             0.00000             0.00000             1.38936            -0.88936
            16.54628             1.16028            -0.45155             0.00000             0.00000             1.39706            -0.89706
            16.82913             1.16470            -0.45423             0.00000             0.00000             1.40469            -0.90469
            17.11197             1.16908            -0.45688             0.00000             0.00000             1.41227            -0.91227
            17.39481             1.17341            -0.45950             0.00000             0.00000             1.41977            -0.91977
            17.67765             1.17769            -0.46209             0.00000             0.00000             1.42722            -0.92722
            17.96050             1.18193            -0.46465             0.00000             0.00000             1.43461            -0.93461
            18.24334             1.18612            -0.46718             0.00000             0.00000             1.44194            -0.94194
            18.52618             1.19028            -0.46969             0.00000             0.00000             1.44921            -0.94921
            18.80902             1.19439            -0.47217             0.00000             0.00000             1.45643            -0.95643
            19.09186             1.19846            -0.47463             0.00000             0.00000             1.46360            -0.96360
            19.37471             1.20250            -0.47706             0.00000             0.00000             1.47071            -0.97071
            19.65755             1.20649            -0.47947             0.00000             0.00000             1.47777            -0.97777
            19.94039             1.21045            -0.48186             0.00000             0.00000             1.48478            -0.98478
            20.22323             1.21437            -0.48422             0.00000             0.00000             1.49174            -0.99174
            20.50608             1.21826            -0.48656             0.00000             0.00000             1.49865            -0.99865
            20.78892             1.22211            -0.48888             0.00000             0.00000             1.50551            -1.00551
            21.07176             1.22593            -0.49118             0.00000             0.00000             1.51233            -1.01233
            21.35460             1.22971            -0.49345             0.00000             0.00000             1.51910            -1.01910
            21.63745             1.23346            -0.49571             0.00000             0.00000             1.52583            -1.02583
            21.92029             1.23718            -0.49795             0.00000             0.00000             1.53251            -1.03251
            22.20313             1.24087            -0.50016             0.00000             0.00000             1.53915            -1.03915
            22.48597             1.24453            -0.50236             0.00000             0.00000             1.54575            -1.04575
            22.76882             1.24816            -0.50454             0.00000             0.00000             1.55230            -1.05230
            23.05166             1.25175            -0.50670             0.00000             0.00000             1.55882            -1.05882
            23.33450             1.25532            -0.50885             0.00000             0.00000             1.56530            -1.06530
            23.61734             1.25887            -0.51097             0.00000             0.00000             1.57173            -1.07173
            23.90019             1.26238            -0.51308             0.00000             0.00000             1.57813            -1.07813
            24.18303             1.26587            -0.51518             0.00000             0.00000             1.58449            -1.08449
            24.46587             1.26933            -0.51725             0.00000             0.00000             1.59082            -1.09082
            24.74871             1.27276            -0.51931             0.00000             0.00000             1.59710            -1.09710
            25.03156             1.27617            -0.52136             0.00000             0.00000             1.60335            -1.10335
            25.31440             1.27956            -0.52338             0.00000             0.00000             1.60957            -1.10957
            25.59724             1.28292            -0.52540             0.00000             0.00000             1.61575            -1.11575
            25.88008             1.28625            -0.52740             0.00000             0.00000             1.62190            -1.12190
            26.16293             1.28956            -0.52938             0.00000             0.00000             1.62801            -1.12801
            26.44577             1.29285            -0.53135             0.00000             0.00000             1.63409            -1.13409
            26.72861             1.29612            -0.53330             0.00000             0.00000             1.64014            -1.14014
            27.01145             1.29936            -0.53525             0.00000             0.00000             1.64616            -1.14616
            27.29430             1.30258            -0.53717             0.00000             0.00000             1.65214            -1.15214
            27.57714             1.30578            -0.53909             0.00000             0.00000             1.65810            -1.15810
            27.85998             1.30896            -0.54099             0.00000             0.00000             1.66402            -1.16402
            28.14282             1.31212            -0.54288             0.00000             0.00000             1.66992            -1.16992
            28.42567             1.31525            -0.54475             0.00000             0.00000             1.67578            -1.17578
            28.70851             1.31837            -0.54661             0.00000             0.00000             1.68162            -1.18162
            28.99135             1.32146            -0.54846             0.00000             0.00000             1.68742            -1.18742
            29.27419             1.32454            -0.55030             0.00000             0.00000             1.69320            -1.19320
            29.55704             1.32760            -0.55213             0.00000             0.00000             1.69895            -1.19895
            29.83988             1.33063            -0.55394             0.00000             0.00000             1.70467            -1.20467
            30.12272             1.33365            -0.55575             0.00000             0.00000             1.71037            -1.21037
            30.40556             1.33665            -0.55754             0.00000             0.00000             1.71604            -1.21604
            30.68841             1.33963            -0.55932             0.00000             0.00000             1.72168            -1.22168
            30.97125             1.34260            -0.56109             0.00000             0.00000             1.72730            -1.22730
            31.25409             1.34555            -0.56285             0.00000             0.00000             1.73289            -1.23289
            31.53693             1.34847            -0.56459             0.00000             0.00000             1.73846            -1.23846
            31.81977             1.35139            -0.56633             0.00000             0.00000             1.74400            -1.24400
            32.10262             1.35428            -0.56806             0.00000             0.00000             1.74951            -1.24951
            32.38546             1.35716            -0.56977             0.00000             0.00000             1.75501            -1.25501
            32.66830             1.36002            -0.57148             0.00000             0.00000             1.76048            -1.26048
            32.95114             1.36287            -0.57318             0.00000             0.00000             1.76592            -1.26592
            33.23399             1.36570            -0.57487             0.00000             0.00000             1.77134            -1.27134
            33.51683             1.36851            -0.57654             0.00000             0.00000             1.77674            -1.27674
            33.79967             1.37131            -0.57821             0.00000             0.00000             1.78212            -1.28212
            34.08251             1.37409            -0.57987             0.00000             0.00000             1.78747            -1.28747
            34.36536             1.37686            -0.58152             0.00000             0.00000             1.79280            -1.29280
            34.64820             1.37961            -0.58316             0.00000             0.00000             1.79811            -1.29811
            34.93104             1.38235            -0.58479             0.00000             0.00000             1.80340            -1.30340
            35.21388             1.38508            -0.58641             0.00000             0.00000             1.80866            -1.30866
            35.49673             1.38779            -0.58802             0.00000             0.00000             1.81391            -1.31391
            35.77957             1.39048            -0.58963             0.00000             0.00000             1.81913            -1.31913
            36.06241             1.39316            -0.59123             0.00000             0.00000             1.82434            -1.32434
            36.34525             1.39583            -0.59281             0.00000             0.00000             1.82952            -1.32952
            36.62810             1.39848            -0.59439             0.00000             0.00000             1.83468            -1.33468
            36.91094             1.40113            -0.59596             0.00000             0.00000             1.83983            -1.33983
            37.19378             1.40375            -0.59753             0.00000             0.00000             1.84495            -1.34495
            37.47662             1.40637            -0.59908             0.00000             0.00000             1.85005            -1.35005
            37.75947             1.40897            -0.60063             0.00000             0.00000             1.85514            -1.35514
            38.04231             1.41156            -0.60217             0.00000             0.00000             1.86021            -1.36021
            38.32515             1.41413            -0.60370             0.00000             0.00000             1.86525            -1.36525
            38.60799             1.41670            -0.60523             0.00000             0.00000             1.87028            -1.37028
            38.89084             1.41925            -0.60674             0.00000             0.00000             1.87529            -1.37529
            39.17368             1.42179            -0.60825             0.00000             0.00000             1.88028            -1.38028
            39.45652             1.42432            -0.60975             0.00000             0.00000             1.88526            -1.38526
            39.73936             1.42683            -0.61125             0.00000             0.00000             1.89021            -1.39021
            40.02221             1.42934            -0.61274             0.00000             0.00000             1.89515            -1.39515
            40.30505             1.43183            -0.61422             0.00000             0.00000             1.90007            -1.40007
            40.58789             1.43431            -0.61569             0.00000             0.00000             1.90498            -1.40498
            40.87073             1.43678            -0.61716             0.00000             0.00000             1.90986            -1.40986
            41.15358             1.43924            -0.61862             0.00000             0.00000             1.91473            -1.41473
            41.43642             1.44168            -0.62007             0.00000             0.00000             1.91959            -1.41959
            41.71926             1.44412            -0.62152             0.00000             0.00000             1.92442            -1.42442
            42.00210             1.44655            -0.62296             0.00000             0.00000             1.92924            -1.42925
            42.28495             1.44896            -0.62439             0.00000             0.00000             1.93405            -1.43405
            42.56779             1.45136            -0.62582             0.00000             0.00000             1.93884            -1.43884
            42.85063             1.45376            -0.62724             0.00000             0.00000             1.94361            -1.44361
            43.13347             1.45614            -0.62865             0.00000             0.00000             1.94837            -1.44837
            43.41632             1.45851            -0.63006             0.00000             0.00000             1.95311            -1.45311
            43.69916             1.46088            -0.63146             0.00000             0.00000             1.95783            -1.45783
            43.98200             1.46323            -0.63286             0.00000             0.00000             1.96254            -1.46254
            44.26484             1.46557            -0.63425             0.00000             0.00000             1.96724            -1.46724
            44.54768             1.46791            -0.63563             0.00000             0.00000             1.97192            -1.47192
            44.83053             1.47023            -0.63701             0.00000             0.00000             1.97658            -1.47658
            45.11337             1.47254            -0.63838             0.00000             0.00000             1.98123            -1.48123
            45.39621             1.47485            -0.63975             0.00000             0.00000             1.98587            -1.48587
            45.67905             1.47714            -0.64111             0.00000             0.00000             1.99049            -1.49049
            45.96190             1.47943            -0.64246             0.00000             0.00000             1.99510            -1.49510
            46.24474             1.48170            -0.64381             0.00000             0.00000             1.99969            -1.49969
            46.52758             1.48397            -0.64516             0.00000             0.00000             2.00427            -1.50427
            46.81042             1.48623            -0.64650             0.00000             0.00000             2.00884            -1.50884
            47.09327             1.48848            -0.64783             0.00000             0.00000             2.01339            -1.51339
            47.37611             1.49072            -0.64916             0.00000             0.00000             2.01793            -1.51793
            47.65895             1.49295            -0.65048             0.00000             0.00000             2.02245            -1.52245
            47.94179             1.49517            -0.65179             0.00000             0.00000             2.02696            -1.52696
            48.22464             1.49739            -0.65311             0.00000             0.00000             2.03146            -1.53146
            48.50748             1.49959            -0.65441             0.00000             0.00000             2.03594            -1.53594
            48.79032             1.50179            -0.65571             0.00000             0.00000             2.04042            -1.54042
            49.07316             1.50398            -0.65701             0.00000             0.00000             2.04487            -1.54487
            49.35601             1.50616            -0.65830             0.00000             0.00000             2.04932            -1.54932
            49.63885             1.50833            -0.65959             0.00000             0.00000             2.05375            -1.55375
            49.92169             1.51050            -0.66087             0.00000             0.00000             2.05817            -1.55817
            50.20453             1.51265            -0.66215             0.00000             0.00000             2.06258            -1.56258
            50.48738             1.51480            -0.66342             0.00000             0.00000             2.06698            -1.56698
            50.77022             1.51694            -0.66469             0.00000             0.00000             2.07136            -1.57136
            51.05306             1.51907            -0.66595             0.00000             0.00000             2.07573            -1.57573
            51.33590             1.52120            -0.66721             0.00000             0.00000             2.08009            -1.58009
            51.61875             1.52332            -0.66846             0.00000             0.00000             2.08444            -1.58444
            51.90159             1.52543            -0.66971             0.00000             0.00000             2.08877            -1.58877
            52.18443             1.52753            -0.67095             0.00000             0.00000             2.09309            -1.59309
            52.46727             1.52962            -0.67219             0.00000             0.00000             2.09741            -1.59741
            52.75012             1.53171            -0.67342             0.00000             0.00000             2.10171            -1.60171
            53.03296             1.53379            -0.67465             0.00000             0.00000             2.10599            -1.60599
            53.31580             1.53586            -0.67588             0.00000             0.00000             2.11027            -1.61027
            53.59864             1.53793            -0.67710             0.00000             0.00000             2.11454            -1.61454
            53.88149             1.53999            -0.67832             0.00000             0.00000             2.11879            -1.61879
            54.16433             1.54204            -0.67953             0.00000             0.00000             2.12303            -1.62303
            54.44717             1.54408            -0.68074             0.00000             0.00000             2.12727            -1.62727
            54.73001             1.54612            -0.68194             0.00000             0.00000             2.13149            -1.63149
            55.01286             1.54815            -0.68314             0.00000             0.00000             2.13570            -1.63570
            55.29570             1.55017            -0.68434             0.00000             0.00000             2.13990            -1.63990
            55.57854             1.55219            -0.68553             0.00000             0.00000             2.14409            -1.64409
            55.86138             1.55420            -0.68672             0.00000             0.00000             2.14826            -1.64826
            56.14422             1.55620            -0.68790             0.00000             0.00000             2.15243            -1.65243
            56.42707             1.55820            -0.68908             0.00000             0.00000             2.15659            -1.65659
            56.70991             1.56018            -0.69026             0.00000             0.00000             2.16074            -1.66074
            56.99275             1.56217            -0.69143             0.00000             0.00000             2.16487            -1.66487
            57.27559             1.56414            -0.69260             0.00000             0.00000             2.16900            -1.66900
            57.55844             1.56612            -0.69376             0.00000             0.00000             2.17311            -1.67311
            57.84128             1.56808            -0.69493             0.00000             0.00000             2.17722            -1.67722
            58.12412             1.57004            -0.69608             0.00000             0.00000             2.18132            -1.68132
            58.40696             1.57199            -0.69723             0.00000             0.00000             2.18540            -1.68540
            58.68981             1.57393            -0.69838             0.00000             0.00000             2.18948            -1.68948
            58.97265             1.57587            -0.69953             0.00000             0.00000             2.19354            -1.69354
            59.25549             1.57780            -0.70067             0.00000             0.00000             2.19760            -1.69760
            59.53833             1.57973            -0.70181             0.00000             0.00000             2.20165            -1.70165
            59.82118             1.58165            -0.70294             0.00000             0.00000             2.20568            -1.70568
            60.10402             1.58357            -0.70407             0.00000             0.00000             2.20971            -1.70971
            60.38686             1.58548            -0.70520             0.00000             0.00000             2.21373            -1.71373
            60.66970             1.58738            -0.70632             0.00000             0.00000             2.21774            -1.71774
            60.95255             1.58928            -0.70744             0.00000             0.00000             2.22174            -1.72174
            61.23539             1.59117            -0.70856             0.00000             0.00000             2.22573            -1.72573
            61.51823             1.59305            -0.70967             0.00000             0.00000             2.22971            -1.72971
            61.80107             1.59493            -0.71078             0.00000             0.00000             2.23368            -1.73368
            62.08392             1.59681            -0.71189             0.00000             0.00000             2.23764            -1.73764
            62.36676             1.59868            -0.71299             0.00000             0.00000             2.24160            -1.74160
            62.64960             1.60054            -0.71409             0.00000             0.00000             2.24554            -1.74554
            62.93244             1.60240            -0.71519             0.00000             0.00000             2.24948            -1.74948
            63.21529             1.60425            -0.71628             0.00000             0.00000             2.25340            -1.75340
            63.49813             1.60610            -0.71737             0.00000             0.00000             2.25732            -1.75732
            63.78097             1.60794            -0.71846             0.00000             0.00000             2.26123            -1.76123
            64.06381             1.60977            -0.71954             0.00000             0.00000             2.26513            -1.76513
            64.34666             1.61160            -0.72062             0.00000             0.00000             2.26903            -1.76903
            64.62950             1.61343            -0.72170             0.00000             0.00000             2.27291            -1.77291
            64.91234             1.61525            -0.72277             0.00000             0.00000             2.27678            -1.77678
            65.19518             1.61706            -0.72384             0.00000             0.00000             2.28065            -1.78065
            65.47803             1.61887            -0.72491             0.00000             0.00000             2.28451            -1.78451
            65.76087             1.62068            -0.72597             0.00000             0.00000             2.28836            -1.78836
            66.04371             1.62248            -0.72703             0.00000             0.00000             2.29220            -1.79220
            66.32655             1.62427            -0.72809             0.00000             0.00000             2.29604            -1.79604
            66.60940             1.62606            -0.72915             0.00000             0.00000             2.29986            -1.79986
            66.89224             1.62784            -0.73020             0.00000             0.00000             2.30368            -1.80368
            67.17508             1.62962            -0.73125             0.00000             0.00000             2.30749            -1.80749
            67.45792             1.63140            -0.73230             0.00000             0.00000             2.31129            -1.81129
            67.74077             1.63317            -0.73334             0.00000             0.00000             2.31508            -1.81508
            68.02361             1.63493            -0.73438             0.00000             0.00000             2.31887            -1.81887
            68.30645             1.63669            -0.73542             0.00000             0.00000             2.32264            -1.82264
            68.58929             1.63844            -0.73645             0.00000             0.00000             2.32641            -1.82641
            68.87213             1.64019            -0.73748             0.00000             0.00000             2.33018            -1.83018
            69.15498             1.64194            -0.73851             0.00000             0.00000             2.33393            -1.83393
            69.43782             1.64368            -0.73954             0.00000             0.00000             2.33768            -1.83768
            69.72066             1.64542            -0.74056             0.00000             0.00000             2.34142            -1.84142
            70.00350             1.64715            -0.74158             0.00000             0.00000             2.34515            -1.84515
            70.28635             1.64888            -0.74260             0.00000             0.00000             2.34887            -1.84887
            70.56919             1.65060            -0.74361             0.00000             0.00000             2.35259            -1.85259
            70.85203             1.65231            -0.74462             0.00000             0.00000             2.35630            -1.85630
            71.13487             1.65403            -0.74563             0.00000             0.00000             2.36000            -1.86000
            71.41772             1.65574            -0.74664             0.00000             0.00000             2.36369            -1.86369
            71.70056             1.65744            -0.74765             0.00000             0.00000             2.36738            -1.86738
            71.98340             1.65914            -0.74865             0.00000             0.00000             2.37106            -1.87106
            72.26624             1.66084            -0.74965             0.00000             0.00000             2.37473            -1.87473
            72.54909             1.66253            -0.75064             0.00000             0.00000             2.37840            -1.87840
            72.83193             1.66421            -0.75164             0.00000             0.00000             2.38205            -1.88205
            73.11477             1.66590            -0.75263             0.00000             0.00000             2.38570            -1.88570
            73.39761             1.66757            -0.75361             0.00000             0.00000             2.38935            -1.88935
            73.68046             1.66925            -0.75460             0.00000             0.00000             2.39299            -1.89299
            73.96330             1.67092            -0.75558             0.00000             0.00000             2.39662            -1.89662
            74.24614             1.67258            -0.75656             0.00000             0.00000             2.40024            -1.90024
            74.52898             1.67424            -0.75754             0.00000             0.00000             2.40385            -1.90385
            74.81183             1.67590            -0.75852             0.00000             0.00000             2.40746            -1.90746
            75.09467             1.67755            -0.75949             0.00000             0.00000             2.41107            -1.91107
            75.37751             1.67920            -0.76046             0.00000             0.00000             2.41466            -1.91466
            75.66035             1.68085            -0.76143             0.00000             0.00000             2.41825            -1.91825
            75.94320             1.68249            -0.76240             0.00000             0.00000             2.42183            -1.92183
            76.22604             1.68412            -0.76336             0.00000             0.00000             2.42541            -1.92541
            76.50888             1.68576            -0.76432             0.00000             0.00000             2.42898            -1.92898
            76.79172             1.68739            -0.76528             0.00000             0.00000             2.43254            -1.93254
            77.07457             1.68901            -0.76624             0.00000             0.00000             2.43610            -1.93610
            77.35741             1.69063            -0.76719             0.00000             0.00000             2.43964            -1.93964
            77.64025             1.69225            -0.76814             0.00000             0.00000             2.44319            -1.94319
            77.92309             1.69386            -0.76909             0.00000             0.00000             2.44672            -1.94672
            78.20594             1.69547            -0.77004             0.00000             0.00000             2.45025            -1.95025
            78.48878             1.69707            -0.77098             0.00000             0.00000             2.45378            -1.95378
            78.77162             1.69868            -0.77193             0.00000             0.00000             2.45729            -1.95729
            79.05446             1.70027            -0.77287             0.00000             0.00000             2.46080            -1.96080
            79.33731             1.70187            -0.77380             0.00000             0.00000             2.46431            -1.96431
            79.62015             1.70346            -0.77474             0.00000             0.00000             2.46781            -1.96781
            79.90299             1.70504            -0.77567             0.00000             0.00000             2.47130            -1.97130
            80.18583             1.70663            -0.77660             0.00000             0.00000             2.47479            -1.97479
            80.46868             1.70821            -0.77753             0.00000             0.00000             2.47827            -1.97827
            80.75152             1.70978            -0.77846             0.00000             0.00000             2.48174            -1.98174
            81.03436             1.71135            -0.77939             0.00000             0.00000             2.48521            -1.98521
            81.31720             1.71292            -0.78031             0.00000             0.00000             2.48867            -1.98867
            81.60004             1.71449            -0.78123             0.00000             0.00000             2.49212            -1.99212
            81.88289             1.71605            -0.78215             0.00000             0.00000             2.49557            -1.99557
            82.16573             1.71760            -0.78306             0.00000             0.00000             2.49902            -1.99902
            82.44857             1.71916            -0.78398             0.00000             0.00000             2.50245            -2.00245
            82.73141             1.72071            -0.78489             0.00000             0.00000             2.50589            -2.00589
            83.01426             1.72226            -0.78580             0.00000             0.00000             2.50931            -2.00931
            83.29710             1.72380            -0.78671             0.00000             0.00000             2.51273            -2.01273
            83.57994             1.72534            -0.78761             0.00000             0.00000             2.51615            -2.01615
            83.86278             1.72688            -0.78852             0.00000             0.00000             2.51956            -2.01956
            84.14563             1.72841            -0.78942             0.00000             0.00000             2.52296            -2.02296
            84.42847             1.72994            -0.79032             0.00000             0.00000             2.52636            -2.02636
            84.71131             1.73146            -0.79121             0.00000             0.00000             2.52975            -2.02975
            84.99415             1.73299            -0.79211             0.00000             0.00000             2.53313            -2.03313
            85.27700             1.73451            -0.79300             0.00000             0.00000             2.53651            -2.03651
            85.55984             1.73602            -0.79389             0.00000             0.00000             2.53989            -2.03989
            85.84268             1.73754            -0.79478             0.00000             0.00000             2.54326            -2.04326
            86.12552             1.73905            -0.79567             0.00000             0.00000             2.54662            -2.04662
            86.40837             1.74055            -0.79656             0.00000             0.00000             2.54998            -2.04998
            86.69121             1.74206            -0.79744             0.00000             0.00000             2.55333            -2.05333
            86.97405             1.74355            -0.79832             0.00000             0.00000             2.55668            -2.05668
            87.25689             1.74505            -0.79920             0.00000             0.00000             2.56002            -2.06002
            87.53974             1.74655            -0.80008             0.00000             0.00000             2.56335            -2.06335
            87.82258             1.74804            -0.80096             0.00000             0.00000             2.56668            -2.06668
            88.10542             1.74952            -0.80183             0.00000             0.00000             2.57001            -2.07001
            88.38826             1.75101            -0.80270             0.00000             0.00000             2.57333            -2.07333
            88.67111             1.75249            -0.80357             0.00000             0.00000             2.57664            -2.07664
            88.95395             1.75397            -0.80444             0.00000             0.00000             2.57995            -2.07995
            89.23679             1.75544            -0.80531             0.00000             0.00000             2.58326            -2.08326
            89.51963             1.75691            -0.80617             0.00000             0.00000             2.58656            -2.08656
            89.80248             1.75838            -0.80704             0.00000             0.00000             2.58985            -2.08985
            90.08532             1.75985            -0.80790             0.00000             0.00000             2.59314            -2.09314
            90.36816             1.76131            -0.80876             0.00000             0.00000             2.59642            -2.09642
            90.65100             1.76277            -0.80961             0.00000             0.00000             2.59970            -2.09970
            90.93385             1.76422            -0.81047             0.00000             0.00000             2.60297            -2.10297
            91.21669             1.76568            -0.81132             0.00000             0.00000             2.60624            -2.10624
            91.49953             1.76713            -0.81218             0.00000             0.00000             2.60951            -2.10951
            91.78237             1.76857            -0.81303             0.00000             0.00000             2.61276            -2.11276
            92.06522             1.77002            -0.81388             0.00000             0.00000             2.61602            -2.11602
            92.34806             1.77146            -0.81472             0.00000             0.00000             2.61926            -2.11926
            92.63090             1.77290            -0.81557             0.00000             0.00000             2.62251            -2.12251
            92.91374             1.77434            -0.81641             0.00000             0.00000             2.62574            -2.12574
            93.19658             1.77577            -0.81725             0.00000             0.00000             2.62898            -2.12898
            93.47943             1.77720            -0.81809             0.00000             0.00000             2.63221            -2.13221
            93.76227             1.77863            -0.81893             0.00000             0.00000             2.63543            -2.13543
            94.04511             1.78005            -0.81977             0.00000             0.00000             2.63865            -2.13865
            94.32795             1.78147            -0.82060             0.00000             0.00000             2.64186            -2.14186
            94.61080             1.78289            -0.82144             0.00000             0.00000             2.64507            -2.14507
            94.89364             1.78431            -0.82227             0.00000             0.00000             2.64827            -2.14827
            95.17648             1.78572            -0.82310             0.00000             0.00000             2.65147            -2.15147
            95.45932             1.78713            -0.82393             0.00000             0.00000             2.65467            -2.15467
            95.74217             1.78854            -0.82475             0.00000             0.00000             2.65786            -2.15786
            96.02501             1.78994            -0.82558             0.00000             0.00000             2.66104            -2.16104
            96.30785             1.79134            -0.82640             0.00000             0.00000             2.66422            -2.16422
            96.59069             1.79274            -0.82722             0.00000             0.00000             2.66740            -2.16740
            96.87354             1.79414            -0.82804             0.00000             0.00000             2.67057            -2.17057
            97.15638             1.79553            -0.82886             0.00000             0.00000             2.67374            -2.17374
            97.43922             1.79692            -0.82968             0.00000             0.00000             2.67690            -2.17690
            97.72206             1.79831            -0.83049             0.00000             0.00000             2.68006            -2.18006
            98.00491             1.79970            -0.83131             0.00000             0.00000             2.68321            -2.18321
            98.28775             1.80108            -0.83212             0.00000             0.00000             2.68636            -2.18636
            98.57059             1.80246            -0.83293             0.00000             0.00000             2.68950            -2.18950
            98.85343             1.80384            -0.83374             0.00000             0.00000             2.69264            -2.19264
            99.13628             1.80522            -0.83455             0.00000             0.00000             2.69577            -2.19577
            99.41912             1.80659            -0.83535             0.00000             0.00000             2.69890            -2.19890
            99.70196             1.80796            -0.83616             0.00000             0.00000             2.70203            -2.20203
            99.98480             1.80933            -0.83696             0.00000             0.00000             2.70515            -2.20515
           100.26765             1.81069            -0.83776             0.00000             0.00000             2.70827            -2.20827
           100.55049             1.81206            -0.83856             0.00000             0.00000             2.71138            -2.21138
           100.83333             1.81342            -0.83936             0.00000             0.00000             2.71449            -2.21449
           101.11617             1.81477            -0.84016             0.00000             0.00000             2.71759            -2.21759
           101.39902             1.81613            -0.84095             0.00000             0.00000             2.72069            -2.22069
           101.68186             1.81748            -0.84174             0.00000             0.00000             2.72379            -2.22379
           101.96470             1.81883            -0.84254             0.00000             0.00000             2.72688            -2.22688
           102.24754             1.82018            -0.84333             0.00000             0.00000             2.72996            -2.22996
           102.53039             1.82152            -0.84412             0.00000             0.00000             2.73304            -2.23304
           102.81323             1.82287            -0.84491             0.00000             0.00000             2.73612            -2.23612
           103.09607             1.82421            -0.84569             0.00000             0.00000             2.73920            -2.23920
           103.37891             1.82555            -0.84648             0.00000             0.00000             2.74227            -2.24227
           103.66176             1.82688            -0.84726             0.00000             0.00000             2.74533            -2.24533
           103.94460             1.82821            -0.84804             0.00000             0.00000             2.74839            -2.24839
           104.22744             1.82954            -0.84882             0.00000             0.00000             2.75145            -2.25145
           104.51028             1.83087            -0.84960             0.00000             0.00000             2.75450            -2.25450
           104.79313             1.83220            -0.85038             0.00000             0.00000             2.75755            -2.25755
           105.07597             1.83352            -0.85116             0.00000             0.00000             2.76060            -2.26060
           105.35881             1.83484            -0.85193             0.00000             0.00000             2.76364            -2.26364
           105.64165             1.83616            -0.85271             0.00000             0.00000             2.76667            -2.26667
           105.92449             1.83748            -0.85348             0.00000             0.00000             2.76970            -2.26970
           106.20734             1.83879            -0.85425             0.00000             0.00000             2.77273            -2.27273
           106.49018             1.84010            -0.85502             0.00000             0.00000             2.77576            -2.27576
           106.77302             1.84141            -0.85579             0.00000             0.00000             2.77878            -2.27878
           107.05586             1.84272            -0.85655             0.00000             0.00000             2.78179            -2.28179
           107.33871             1.84403            -0.85732             0.00000             0.00000             2.78481            -2.28481
           107.62155             1.84533            -0.85808             0.00000             0.00000             2.78781            -2.28781
           107.90439             1.84663            -0.85885             0.00000             0.00000             2.79082            -2.29082
           108.18723             1.84793            -0.85961             0.00000             0.00000             2.79382            -2.29382
           108.47008             1.84922            -0.86037             0.00000             0.00000             2.79682            -2.29682
           108.75292             1.85052            -0.86113             0.00000             0.00000             2.79981            -2.29981
           109.03576             1.85181            -0.86188             0.00000             0.00000             2.80280            -2.30280
           109.31860             1.85310            -0.86264             0.00000             0.00000             2.80578            -2.30578
           109.60145             1.85439            -0.86340             0.00000             0.00000             2.80876            -2.30876
           109.88429             1.85567            -0.86415             0.00000             0.00000             2.81174            -2.31174
           110.16713             1.85695            -0.86490             0.00000             0.00000             2.81471            -2.31471
           110.44997             1.85823            -0.86565             0.00000             0.00000             2.81768            -2.31768
           110.73282             1.85951            -0.86640             0.00000             0.00000             2.82065            -2.32065
           111.01566             1.86079            -0.86715             0.00000             0.00000             2.82361            -2.32361
           111.29850             1.86206            -0.86790             0.00000             0.00000             2.82657            -2.32657
           111.58134             1.86333            -0.86864             0.00000             0.00000             2.82952            -2.32952
           111.86419             1.86460            -0.86939             0.00000             0.00000             2.83247            -2.33247
           112.14703             1.86587            -0.87013             0.00000             0.00000             2.83542            -2.33542
           112.42987             1.86714            -0.87087             0.00000             0.00000             2.83836            -2.33836
           112.71271             1.86840            -0.87161             0.00000             0.00000             2.84130            -2.34130
           112.99556             1.86966            -0.87235             0.00000             0.00000             2.84424            -2.34424
           113.27840             1.87092            -0.87309             0.00000             0.00000             2.84717            -2.34717
           113.56124             1.87218            -0.87383             0.00000             0.00000             2.85010            -2.35010
           113.84408             1.87343            -0.87456             0.00000             0.00000             2.85302            -2.35302
           114.12693             1.87469            -0.87530             0.00000             0.00000             2.85595            -2.35595
           114.40977             1.87594            -0.87603             0.00000             0.00000             2.85886            -2.35886
           114.69261             1.87719            -0.87676             0.00000             0.00000             2.86178            -2.36178
           114.97545             1.87843            -0.87750             0.00000             0.00000             2.86469            -2.36469
           115.25830             1.87968            -0.87823             0.00000             0.00000             2.86759            -2.36759
           115.54114             1.88092            -0.87895             0.00000             0.00000             2.87050            -2.37050
           115.82398             1.88216            -0.87968             0.00000             0.00000             2.87340            -2.37340
           116.10682             1.88340            -0.88041             0.00000             0.00000             2.87629            -2.37629
           116.38967             1.88464            -0.88113             0.00000             0.00000             2.87919            -2.37919
           116.67251             1.88587            -0.88186             0.00000             0.00000             2.88207            -2.38208
           116.95535             1.88711            -0.88258             0.00000             0.00000             2.88496            -2.38496
           117.23819             1.88834            -0.88330             0.00000             0.00000             2.88784            -2.38784
           117.52104             1.88957            -0.88402             0.00000             0.00000             2.89072            -2.39072
           117.80388             1.89079            -0.88474             0.00000             0.00000             2.89360            -2.39360
           118.08672             1.89202            -0.88546             0.00000             0.00000             2.89647            -2.39647
           118.36956             1.89324            -0.88617             0.00000             0.00000             2.89934            -2.39934
           118.65240             1.89446            -0.88689             0.00000             0.00000             2.90220            -2.40220
           118.93525             1.89568            -0.88760             0.00000             0.00000             2.90506            -2.40506
           119.21809             1.89690            -0.88832             0.00000             0.00000             2.90792            -2.40792
           119.50093             1.89811            -0.88903             0.00000             0.00000             2.91078            -2.41078
           119.78377             1.89933            -0.88974             0.00000             0.00000             2.91363            -2.41363
           120.06662             1.90054            -0.89045             0.00000             0.00000             2.91647            -2.41648
           120.34946             1.90175            -0.89116             0.00000             0.00000             2.91932            -2.41932
           120.63230             1.90296            -0.89187             0.00000             0.00000             2.92216            -2.42216
           120.91514             1.90416            -0.89257             0.00000             0.00000             2.92500            -2.42500
           121.19799             1.90537            -0.89328             0.00000             0.00000             2.92783            -2.42783
           121.48083             1.90657            -0.89398             0.00000             0.00000             2.93066            -2.43066
           121.76367             1.90777            -0.89469             0.00000             0.00000             2.93349            -2.43349
           122.04651             1.90897            -0.89539             0.00000             0.00000             2.93632            -2.43632
           122.32936             1.91017            -0.89609             0.00000             0.00000             2.93914            -2.43914
           122.61220             1.91136            -0.89679             0.00000             0.00000             2.94196            -2.44196
           122.89504             1.91255            -0.89749             0.00000             0.00000             2.94477            -2.44477
           123.17788             1.91374            -0.89819             0.00000             0.00000             2.94758            -2.44758
           123.46073             1.91493            -0.89888             0.00000             0.00000             2.95039            -2.45039
           123.74357             1.91612            -0.89958             0.00000             0.00000             2.95320            -2.45320
           124.02641             1.91731            -0.90028             0.00000             0.00000             2.95600            -2.45600
           124.30925             1.91849            -0.90097             0.00000             0.00000             2.95880            -2.45880
           124.59210             1.91967            -0.90166             0.00000             0.00000             2.96159            -2.46159
           124.87494             1.92085            -0.90235             0.00000             0.00000             2.96439            -2.46439
           125.15778             1.92203            -0.90304             0.00000             0.00000             2.96718            -2.46718
           125.44062             1.92321            -0.90373             0.00000             0.00000             2.96996            -2.46996
           125.72347             1.92439            -0.90442             0.00000             0.00000             2.97274            -2.47275
           126.00631             1.92556            -0.90511             0.00000             0.00000             2.97552            -2.47552
           126.28915             1.92673            -0.90580             0.00000             0.00000             2.97830            -2.47830
           126.57199             1.92790            -0.90648             0.00000             0.00000             2.98108            -2.48108
           126.85484             1.92907            -0.90716             0.00000             0.00000             2.98385            -2.48385
           127.13768             1.93024            -0.90785             0.00000             0.00000             2.98661            -2.48661
           127.42052             1.93140            -0.90853             0.00000             0.00000             2.98938            -2.48938
           127.70336             1.93256            -0.90921             0.00000             0.00000             2.99214            -2.49214
           127.98621             1.93373            -0.90989             0.00000             0.00000             2.99490            -2.49490
           128.26905             1.93489            -0.91057             0.00000             0.00000             2.99765            -2.49765
           128.55189             1.93604            -0.91125             0.00000             0.00000             3.00041            -2.50041
           128.83473             1.93720            -0.91193             0.00000             0.00000             3.00315            -2.50315
           129.11758             1.93835            -0.91260             0.00000             0.00000             3.00590            -2.50590
           129.40042             1.93951            -0.91328             0.00000             0.00000             3.00864            -2.50864
           129.68326             1.94066            -0.91395             0.00000             0.00000             3.01138            -2.51138
           129.96610             1.94181            -0.91463             0.00000             0.00000             3.01412            -2.51412
           130.24895             1.94296            -0.91530             0.00000             0.00000             3.01686            -2.51686
           130.53179             1.94410            -0.91597             0.00000             0.00000             3.01959            -2.51959
           130.81463             1.94525            -0.91664             0.00000             0.00000             3.02231            -2.52232
           131.09747             1.94639            -0.91731             0.00000             0.00000             3.02504            -2.52504
           131.38031             1.94753            -0.91798             0.00000             0.00000             3.02776            -2.52776
           131.66316             1.94867            -0.91864             0.00000             0.00000             3.03048            -2.53048
           131.94600             1.94981            -0.91931             0.00000             0.00000             3.03320            -2.53320
           132.22884             1.95095            -0.91998             0.00000             0.00000             3.03591            -2.53591
           132.51168             1.95208            -0.92064             0.00000             0.00000             3.03862            -2.53862
           132.79453             1.95322            -0.92130             0.00000             0.00000             3.04133            -2.54133
           133.07737             1.95435            -0.92197             0.00000             0.00000             3.04404            -2.54404
           133.36021             1.95548            -0.92263             0.00000             0.00000             3.04674            -2.54674
           133.64305             1.95661            -0.92329             0.00000             0.00000             3.04944            -2.54944
           133.92590             1.95773            -0.92395             0.00000             0.00000             3.05213            -2.55213
           134.20874             1.95886            -0.92461             0.00000             0.00000             3.05483            -2.55483
           134.49158             1.95998            -0.92527             0.00000             0.00000             3.05752            -2.55752
           134.77442             1.96111            -0.92592             0.00000             0.00000             3.06021            -2.56021
           135.05727             1.96223            -0.92658             0.00000             0.00000             3.06289            -2.56289
           135.34011             1.96335            -0.92723             0.00000             0.00000             3.06557            -2.56557
           135.62295             1.96446            -0.92789             0.00000             0.00000             3.06825            -2.56825
           135.90579             1.96558            -0.92854             0.00000             0.00000             3.07093            -2.57093
           136.18864             1.96669            -0.92919             0.00000             0.00000             3.07360            -2.57360
           136.47148             1.96781            -0.92985             0.00000             0.00000             3.07627            -2.57627
           136.75432             1.96892            -0.93050             0.00000             0.00000             3.07894            -2.57894
           137.03716             1.97003            -0.93115             0.00000             0.00000             3.08161            -2.58161
           137.32001             1.97114            -0.93179             0.00000             0.00000             3.08427            -2.58427
           137.60285             1.97224            -0.93244             0.00000             0.00000             3.08693            -2.58693
           137.88569             1.97335            -0.93309             0.00000             0.00000             3.08959            -2.58959
           138.16853             1.97445            -0.93374             0.00000             0.00000             3.09224            -2.59224
           138.45138             1.97556            -0.93438             0.00000             0.00000             3.09489            -2.59490
           138.73422             1.97666            -0.93503             0.00000             0.00000             3.09754            -2.59754
           139.01706             1.97776            -0.93567             0.00000             0.00000             3.10019            -2.60019
           139.29990             1.97886            -0.93631             0.00000             0.00000             3.10283            -2.60283
           139.58275             1.97995            -0.93695             0.00000             0.00000             3.10548            -2.60548
           139.86559             1.98105            -0.93759             0.00000             0.00000             3.10811            -2.60811
           140.14843             1.98214            -0.93823             0.00000             0.00000             3.11075            -2.61075
           140.43127             1.98323            -0.93887             0.00000             0.00000             3.11338            -2.61338
           140.71412             1.98432            -0.93951             0.00000             0.00000             3.11601            -2.61601
           140.99696             1.98541            -0.94015             0.00000             0.00000             3.11864            -2.61864
           141.27980             1.98650            -0.94079             0.00000             0.00000             3.12127            -2.62127
