        nu_e/omega_T             omega_r             omega_i            omega1_r            omega1_i            omega2_r            omega2_i
             1.38648             0.50522            -0.00517             0.00000             0.00000             0.52649            -0.02649
             4.15945             0.50904            -0.00888             0.00000             0.00000             0.54588            -0.04588
             6.93242             0.51166            -0.01141             0.00000             0.00000             0.55923            -0.05923
             9.70539             0.51380            -0.01344             0.00000             0.00000             0.57008            -0.07008
            12.47836             0.51564            -0.01519             0.00000             0.00000             0.57946            -0.07946
            15.25132             0.51729            -0.01674             0.00000             0.00000             0.58785            -0.08785
            18.02429             0.51879            -0.01814             0.00000             0.00000             0.59550            -0.09550
            20.79726             0.52018            -0.01944             0.00000             0.00000             0.60258            -0.10258
            23.57023             0.52148            -0.02064             0.00000             0.00000             0.60921            -0.10921
            26.34319             0.52270            -0.02177             0.00000             0.00000             0.61545            -0.11545
            29.11616             0.52386            -0.02284             0.00000             0.00000             0.62138            -0.12138
            31.88913             0.52496            -0.02386             0.00000             0.00000             0.62703            -0.12703
            34.66210             0.52602            -0.02482             0.00000             0.00000             0.63243            -0.13243
            37.43507             0.52704            -0.02575             0.00000             0.00000             0.63763            -0.13763
            40.20803             0.52801            -0.02664             0.00000             0.00000             0.64264            -0.14264
            42.98100             0.52896            -0.02749             0.00000             0.00000             0.64747            -0.14747
            45.75397             0.52987            -0.02832             0.00000             0.00000             0.65215            -0.15215
            48.52694             0.53076            -0.02912             0.00000             0.00000             0.65670            -0.15670
            51.29991             0.53162            -0.02989             0.00000             0.00000             0.66111            -0.16111
            54.07287             0.53245            -0.03064             0.00000             0.00000             0.66541            -0.16541
            56.84584             0.53327            -0.03137             0.00000             0.00000             0.66960            -0.16960
            59.61881             0.53406            -0.03208             0.00000             0.00000             0.67369            -0.17369
            62.39178             0.53484            -0.03277             0.00000             0.00000             0.67768            -0.17768
            65.16475             0.53560            -0.03345             0.00000             0.00000             0.68158            -0.18158
            67.93771             0.53634            -0.03410             0.00000             0.00000             0.68541            -0.18541
            70.71068             0.53707            -0.03475             0.00000             0.00000             0.68915            -0.18915
            73.48365             0.53778            -0.03538             0.00000             0.00000             0.69283            -0.19283
            76.25662             0.53848            -0.03599             0.00000             0.00000             0.69643            -0.19643
            79.02959             0.53917            -0.03660             0.00000             0.00000             0.69997            -0.19997
            81.80255             0.53984            -0.03719             0.00000             0.00000             0.70345            -0.20345
            84.57552             0.54050            -0.03777             0.00000             0.00000             0.70687            -0.20687
            87.34849             0.54115            -0.03834             0.00000             0.00000             0.71023            -0.21023
            90.12146             0.54179            -0.03890             0.00000             0.00000             0.71354            -0.21354
            92.89442             0.54242            -0.03945             0.00000             0.00000             0.71680            -0.21680
            95.66739             0.54304            -0.03999             0.00000             0.00000             0.72002            -0.22002
            98.44036             0.54366            -0.04052             0.00000             0.00000             0.72318            -0.22318
           101.21333             0.54426            -0.04105             0.00000             0.00000             0.72630            -0.22630
           103.98630             0.54485            -0.04156             0.00000             0.00000             0.72938            -0.22938
           106.75926             0.54544            -0.04207             0.00000             0.00000             0.73242            -0.23242
           109.53223             0.54602            -0.04257             0.00000             0.00000             0.73542            -0.23542
           112.30520             0.54659            -0.04306             0.00000             0.00000             0.73838            -0.23838
           115.07817             0.54715            -0.04355             0.00000             0.00000             0.74131            -0.24131
           117.85114             0.54771            -0.04403             0.00000             0.00000             0.74420            -0.24420
           120.62410             0.54826            -0.04450             0.00000             0.00000             0.74705            -0.24705
           123.39707             0.54880            -0.04496             0.00000             0.00000             0.74988            -0.24988
           126.17004             0.54934            -0.04542             0.00000             0.00000             0.75267            -0.25267
           128.94301             0.54987            -0.04588             0.00000             0.00000             0.75543            -0.25543
           131.71598             0.55039            -0.04633             0.00000             0.00000             0.75816            -0.25816
           134.48894             0.55091            -0.04677             0.00000             0.00000             0.76086            -0.26086
           137.26191             0.55142            -0.04721             0.00000             0.00000             0.76354            -0.26354
           140.03488             0.55193            -0.04764             0.00000             0.00000             0.76619            -0.26619
           142.80785             0.55243            -0.04807             0.00000             0.00000             0.76881            -0.26881
           145.58081             0.55293            -0.04849             0.00000             0.00000             0.77141            -0.27141
           148.35378             0.55342            -0.04891             0.00000             0.00000             0.77398            -0.27398
           151.12675             0.55391            -0.04933             0.00000             0.00000             0.77653            -0.27653
           153.89972             0.55440            -0.04973             0.00000             0.00000             0.77905            -0.27906
           156.67269             0.55488            -0.05014             0.00000             0.00000             0.78156            -0.28156
           159.44565             0.55535            -0.05054             0.00000             0.00000             0.78404            -0.28404
           162.21862             0.55582            -0.05094             0.00000             0.00000             0.78650            -0.28650
           164.99159             0.55629            -0.05133             0.00000             0.00000             0.78894            -0.28894
           167.76456             0.55675            -0.05172             0.00000             0.00000             0.79135            -0.29135
           170.53753             0.55721            -0.05211             0.00000             0.00000             0.79375            -0.29375
           173.31049             0.55766            -0.05249             0.00000             0.00000             0.79613            -0.29613
           176.08346             0.55811            -0.05287             0.00000             0.00000             0.79849            -0.29849
           178.85643             0.55856            -0.05324             0.00000             0.00000             0.80083            -0.30083
           181.62940             0.55900            -0.05361             0.00000             0.00000             0.80315            -0.30315
           184.40237             0.55944            -0.05398             0.00000             0.00000             0.80546            -0.30546
           187.17533             0.55987            -0.05434             0.00000             0.00000             0.80775            -0.30775
           189.94830             0.56031            -0.05470             0.00000             0.00000             0.81002            -0.31002
           192.72127             0.56073            -0.05506             0.00000             0.00000             0.81227            -0.31227
           195.49424             0.56116            -0.05542             0.00000             0.00000             0.81451            -0.31451
           198.26720             0.56158            -0.05577             0.00000             0.00000             0.81674            -0.31674
           201.04017             0.56200            -0.05612             0.00000             0.00000             0.81894            -0.31894
           203.81314             0.56242            -0.05647             0.00000             0.00000             0.82113            -0.32113
           206.58611             0.56283            -0.05681             0.00000             0.00000             0.82331            -0.32331
           209.35908             0.56324            -0.05715             0.00000             0.00000             0.82547            -0.32547
           212.13204             0.56365            -0.05749             0.00000             0.00000             0.82762            -0.32762
           214.90501             0.56406            -0.05783             0.00000             0.00000             0.82976            -0.32976
           217.67798             0.56446            -0.05816             0.00000             0.00000             0.83188            -0.33188
           220.45095             0.56486            -0.05849             0.00000             0.00000             0.83398            -0.33398
           223.22392             0.56525            -0.05882             0.00000             0.00000             0.83608            -0.33608
           225.99688             0.56565            -0.05914             0.00000             0.00000             0.83816            -0.33816
           228.76985             0.56604            -0.05947             0.00000             0.00000             0.84023            -0.34023
           231.54282             0.56643            -0.05979             0.00000             0.00000             0.84228            -0.34228
           234.31579             0.56682            -0.06011             0.00000             0.00000             0.84433            -0.34433
           237.08876             0.56720            -0.06042             0.00000             0.00000             0.84636            -0.34636
           239.86172             0.56758            -0.06074             0.00000             0.00000             0.84838            -0.34838
           242.63469             0.56796            -0.06105             0.00000             0.00000             0.85039            -0.35039
           245.40766             0.56834            -0.06136             0.00000             0.00000             0.85238            -0.35238
           248.18063             0.56871            -0.06167             0.00000             0.00000             0.85437            -0.35437
           250.95359             0.56909            -0.06197             0.00000             0.00000             0.85634            -0.35634
           253.72656             0.56946            -0.06228             0.00000             0.00000             0.85831            -0.35831
           256.49953             0.56983            -0.06258             0.00000             0.00000             0.86026            -0.36026
           259.27250             0.57019            -0.06288             0.00000             0.00000             0.86220            -0.36220
           262.04547             0.57056            -0.06317             0.00000             0.00000             0.86413            -0.36413
           264.81843             0.57092            -0.06347             0.00000             0.00000             0.86605            -0.36605
           267.59140             0.57128            -0.06377             0.00000             0.00000             0.86797            -0.36797
           270.36437             0.57164            -0.06406             0.00000             0.00000             0.86987            -0.36987
           273.13734             0.57199            -0.06435             0.00000             0.00000             0.87176            -0.37176
           275.91031             0.57235            -0.06464             0.00000             0.00000             0.87364            -0.37364
           278.68327             0.57270            -0.06492             0.00000             0.00000             0.87551            -0.37551
           281.45624             0.57305            -0.06521             0.00000             0.00000             0.87738            -0.37738
           284.22921             0.57340            -0.06549             0.00000             0.00000             0.87923            -0.37923
           287.00218             0.57375            -0.06577             0.00000             0.00000             0.88108            -0.38108
           289.77515             0.57409            -0.06605             0.00000             0.00000             0.88291            -0.38291
           292.54811             0.57443            -0.06633             0.00000             0.00000             0.88474            -0.38474
           295.32108             0.57478            -0.06661             0.00000             0.00000             0.88656            -0.38656
           298.09405             0.57511            -0.06689             0.00000             0.00000             0.88837            -0.38837
           300.86702             0.57545            -0.06716             0.00000             0.00000             0.89017            -0.39017
           303.63999             0.57579            -0.06743             0.00000             0.00000             0.89197            -0.39197
           306.41295             0.57612            -0.06770             0.00000             0.00000             0.89375            -0.39375
           309.18592             0.57646            -0.06797             0.00000             0.00000             0.89553            -0.39553
           311.95889             0.57679            -0.06824             0.00000             0.00000             0.89730            -0.39730
           314.73186             0.57712            -0.06851             0.00000             0.00000             0.89906            -0.39906
           317.50482             0.57745            -0.06877             0.00000             0.00000             0.90082            -0.40082
           320.27779             0.57777            -0.06903             0.00000             0.00000             0.90256            -0.40256
           323.05076             0.57810            -0.06930             0.00000             0.00000             0.90430            -0.40430
           325.82373             0.57842            -0.06956             0.00000             0.00000             0.90603            -0.40603
           328.59670             0.57875            -0.06982             0.00000             0.00000             0.90776            -0.40776
           331.36966             0.57907            -0.07008             0.00000             0.00000             0.90947            -0.40947
           334.14263             0.57939            -0.07033             0.00000             0.00000             0.91118            -0.41118
           336.91560             0.57970            -0.07059             0.00000             0.00000             0.91289            -0.41289
           339.68857             0.58002            -0.07084             0.00000             0.00000             0.91458            -0.41458
           342.46154             0.58034            -0.07110             0.00000             0.00000             0.91627            -0.41627
           345.23450             0.58065            -0.07135             0.00000             0.00000             0.91795            -0.41795
           348.00747             0.58096            -0.07160             0.00000             0.00000             0.91963            -0.41963
           350.78044             0.58127            -0.07185             0.00000             0.00000             0.92130            -0.42130
           353.55341             0.58158            -0.07210             0.00000             0.00000             0.92296            -0.42296
           356.32638             0.58189            -0.07234             0.00000             0.00000             0.92461            -0.42461
           359.09934             0.58220            -0.07259             0.00000             0.00000             0.92626            -0.42626
           361.87231             0.58251            -0.07283             0.00000             0.00000             0.92791            -0.42791
           364.64528             0.58281            -0.07308             0.00000             0.00000             0.92954            -0.42954
           367.41825             0.58311            -0.07332             0.00000             0.00000             0.93117            -0.43117
           370.19121             0.58342            -0.07356             0.00000             0.00000             0.93280            -0.43280
           372.96418             0.58372            -0.07380             0.00000             0.00000             0.93441            -0.43441
           375.73715             0.58402            -0.07404             0.00000             0.00000             0.93603            -0.43603
           378.51012             0.58432            -0.07428             0.00000             0.00000             0.93763            -0.43763
           381.28309             0.58461            -0.07451             0.00000             0.00000             0.93923            -0.43923
           384.05605             0.58491            -0.07475             0.00000             0.00000             0.94083            -0.44083
           386.82902             0.58520            -0.07498             0.00000             0.00000             0.94242            -0.44242
           389.60199             0.58550            -0.07522             0.00000             0.00000             0.94400            -0.44400
           392.37496             0.58579            -0.07545             0.00000             0.00000             0.94558            -0.44558
           395.14793             0.58608            -0.07568             0.00000             0.00000             0.94715            -0.44715
           397.92089             0.58637            -0.07591             0.00000             0.00000             0.94871            -0.44871
           400.69386             0.58666            -0.07614             0.00000             0.00000             0.95027            -0.45027
           403.46683             0.58695            -0.07637             0.00000             0.00000             0.95183            -0.45183
           406.23980             0.58724            -0.07660             0.00000             0.00000             0.95338            -0.45338
           409.01277             0.58753            -0.07683             0.00000             0.00000             0.95492            -0.45492
           411.78573             0.58781            -0.07705             0.00000             0.00000             0.95646            -0.45646
           414.55870             0.58809            -0.07728             0.00000             0.00000             0.95800            -0.45800
           417.33167             0.58838            -0.07750             0.00000             0.00000             0.95953            -0.45953
           420.10464             0.58866            -0.07772             0.00000             0.00000             0.96105            -0.46105
           422.87760             0.58894            -0.07795             0.00000             0.00000             0.96257            -0.46257
           425.65057             0.58922            -0.07817             0.00000             0.00000             0.96408            -0.46408
           428.42354             0.58950            -0.07839             0.00000             0.00000             0.96559            -0.46559
           431.19651             0.58978            -0.07861             0.00000             0.00000             0.96710            -0.46710
           433.96948             0.59006            -0.07883             0.00000             0.00000             0.96860            -0.46860
           436.74244             0.59033            -0.07904             0.00000             0.00000             0.97009            -0.47009
           439.51541             0.59061            -0.07926             0.00000             0.00000             0.97158            -0.47158
           442.28838             0.59088            -0.07948             0.00000             0.00000             0.97307            -0.47307
           445.06135             0.59115            -0.07969             0.00000             0.00000             0.97455            -0.47455
           447.83432             0.59143            -0.07991             0.00000             0.00000             0.97602            -0.47602
           450.60728             0.59170            -0.08012             0.00000             0.00000             0.97750            -0.47750
           453.38025             0.59197            -0.08033             0.00000             0.00000             0.97896            -0.47896
           456.15322             0.59224            -0.08054             0.00000             0.00000             0.98043            -0.48043
           458.92619             0.59251            -0.08075             0.00000             0.00000             0.98188            -0.48188
           461.69916             0.59278            -0.08097             0.00000             0.00000             0.98334            -0.48334
           464.47212             0.59304            -0.08117             0.00000             0.00000             0.98479            -0.48479
           467.24509             0.59331            -0.08138             0.00000             0.00000             0.98623            -0.48623
           470.01806             0.59357            -0.08159             0.00000             0.00000             0.98767            -0.48767
           472.79103             0.59384            -0.08180             0.00000             0.00000             0.98911            -0.48911
           475.56399             0.59410            -0.08201             0.00000             0.00000             0.99054            -0.49054
           478.33696             0.59437            -0.08221             0.00000             0.00000             0.99197            -0.49197
           481.10993             0.59463            -0.08242             0.00000             0.00000             0.99339            -0.49339
           483.88290             0.59489            -0.08262             0.00000             0.00000             0.99481            -0.49481
           486.65587             0.59515            -0.08282             0.00000             0.00000             0.99623            -0.49623
           489.42883             0.59541            -0.08303             0.00000             0.00000             0.99764            -0.49764
           492.20180             0.59567            -0.08323             0.00000             0.00000             0.99905            -0.49905
           494.97477             0.59592            -0.08343             0.00000             0.00000             1.00045            -0.50045
           497.74774             0.59618            -0.08363             0.00000             0.00000             1.00185            -0.50185
           500.52071             0.59644            -0.08383             0.00000             0.00000             1.00325            -0.50325
           503.29367             0.59669            -0.08403             0.00000             0.00000             1.00464            -0.50464
           506.06664             0.59695            -0.08423             0.00000             0.00000             1.00603            -0.50603
           508.83961             0.59720            -0.08443             0.00000             0.00000             1.00741            -0.50741
           511.61258             0.59746            -0.08462             0.00000             0.00000             1.00879            -0.50879
           514.38555             0.59771            -0.08482             0.00000             0.00000             1.01017            -0.51017
           517.15851             0.59796            -0.08502             0.00000             0.00000             1.01154            -0.51154
           519.93148             0.59821            -0.08521             0.00000             0.00000             1.01291            -0.51291
           522.70445             0.59846            -0.08541             0.00000             0.00000             1.01428            -0.51428
           525.47742             0.59871            -0.08560             0.00000             0.00000             1.01564            -0.51564
           528.25039             0.59896            -0.08579             0.00000             0.00000             1.01700            -0.51700
           531.02335             0.59921            -0.08599             0.00000             0.00000             1.01836            -0.51836
           533.79632             0.59945            -0.08618             0.00000             0.00000             1.01971            -0.51971
           536.56929             0.59970            -0.08637             0.00000             0.00000             1.02106            -0.52106
           539.34226             0.59995            -0.08656             0.00000             0.00000             1.02240            -0.52240
           542.11522             0.60019            -0.08675             0.00000             0.00000             1.02374            -0.52374
           544.88819             0.60044            -0.08694             0.00000             0.00000             1.02508            -0.52508
           547.66116             0.60068            -0.08713             0.00000             0.00000             1.02641            -0.52641
           550.43413             0.60092            -0.08732             0.00000             0.00000             1.02774            -0.52774
           553.20710             0.60117            -0.08751             0.00000             0.00000             1.02907            -0.52907
           555.98006             0.60141            -0.08769             0.00000             0.00000             1.03040            -0.53040
           558.75303             0.60165            -0.08788             0.00000             0.00000             1.03172            -0.53172
           561.52600             0.60189            -0.08807             0.00000             0.00000             1.03304            -0.53304
           564.29897             0.60213            -0.08825             0.00000             0.00000             1.03435            -0.53435
           567.07194             0.60237            -0.08844             0.00000             0.00000             1.03566            -0.53566
           569.84490             0.60261            -0.08862             0.00000             0.00000             1.03697            -0.53697
           572.61787             0.60285            -0.08881             0.00000             0.00000             1.03827            -0.53827
           575.39084             0.60308            -0.08899             0.00000             0.00000             1.03958            -0.53958
           578.16381             0.60332            -0.08917             0.00000             0.00000             1.04087            -0.54087
           580.93678             0.60356            -0.08935             0.00000             0.00000             1.04217            -0.54217
           583.70974             0.60379            -0.08954             0.00000             0.00000             1.04346            -0.54346
           586.48271             0.60403            -0.08972             0.00000             0.00000             1.04475            -0.54475
           589.25568             0.60426            -0.08990             0.00000             0.00000             1.04604            -0.54604
           592.02865             0.60449            -0.09008             0.00000             0.00000             1.04732            -0.54732
           594.80161             0.60473            -0.09026             0.00000             0.00000             1.04860            -0.54860
           597.57458             0.60496            -0.09044             0.00000             0.00000             1.04988            -0.54988
           600.34755             0.60519            -0.09061             0.00000             0.00000             1.05115            -0.55115
           603.12052             0.60542            -0.09079             0.00000             0.00000             1.05242            -0.55242
           605.89349             0.60565            -0.09097             0.00000             0.00000             1.05369            -0.55369
           608.66645             0.60588            -0.09115             0.00000             0.00000             1.05496            -0.55496
           611.43942             0.60611            -0.09132             0.00000             0.00000             1.05622            -0.55622
           614.21239             0.60634            -0.09150             0.00000             0.00000             1.05748            -0.55748
           616.98536             0.60657            -0.09167             0.00000             0.00000             1.05874            -0.55874
           619.75833             0.60680            -0.09185             0.00000             0.00000             1.05999            -0.55999
           622.53129             0.60702            -0.09202             0.00000             0.00000             1.06124            -0.56124
           625.30426             0.60725            -0.09220             0.00000             0.00000             1.06249            -0.56249
           628.07723             0.60748            -0.09237             0.00000             0.00000             1.06374            -0.56374
           630.85020             0.60770            -0.09254             0.00000             0.00000             1.06498            -0.56498
           633.62317             0.60793            -0.09272             0.00000             0.00000             1.06622            -0.56622
           636.39613             0.60815            -0.09289             0.00000             0.00000             1.06746            -0.56746
           639.16910             0.60838            -0.09306             0.00000             0.00000             1.06869            -0.56869
           641.94207             0.60860            -0.09323             0.00000             0.00000             1.06993            -0.56993
           644.71504             0.60882            -0.09340             0.00000             0.00000             1.07116            -0.57116
           647.48800             0.60904            -0.09357             0.00000             0.00000             1.07238            -0.57238
           650.26097             0.60927            -0.09374             0.00000             0.00000             1.07361            -0.57361
           653.03394             0.60949            -0.09391             0.00000             0.00000             1.07483            -0.57483
           655.80691             0.60971            -0.09408             0.00000             0.00000             1.07605            -0.57605
           658.57988             0.60993            -0.09425             0.00000             0.00000             1.07726            -0.57726
           661.35284             0.61015            -0.09441             0.00000             0.00000             1.07848            -0.57848
           664.12581             0.61037            -0.09458             0.00000             0.00000             1.07969            -0.57969
           666.89878             0.61059            -0.09475             0.00000             0.00000             1.08090            -0.58090
           669.67175             0.61080            -0.09492             0.00000             0.00000             1.08211            -0.58211
           672.44472             0.61102            -0.09508             0.00000             0.00000             1.08331            -0.58331
           675.21768             0.61124            -0.09525             0.00000             0.00000             1.08451            -0.58451
           677.99065             0.61146            -0.09541             0.00000             0.00000             1.08571            -0.58571
           680.76362             0.61167            -0.09558             0.00000             0.00000             1.08691            -0.58691
           683.53659             0.61189            -0.09574             0.00000             0.00000             1.08810            -0.58810
           686.30956             0.61210            -0.09591             0.00000             0.00000             1.08929            -0.58929
           689.08252             0.61232            -0.09607             0.00000             0.00000             1.09048            -0.59048
           691.85549             0.61253            -0.09623             0.00000             0.00000             1.09167            -0.59167
           694.62846             0.61274            -0.09639             0.00000             0.00000             1.09285            -0.59285
           697.40143             0.61296            -0.09656             0.00000             0.00000             1.09404            -0.59404
           700.17439             0.61317            -0.09672             0.00000             0.00000             1.09522            -0.59522
           702.94736             0.61338            -0.09688             0.00000             0.00000             1.09639            -0.59639
           705.72033             0.61359            -0.09704             0.00000             0.00000             1.09757            -0.59757
           708.49330             0.61381            -0.09720             0.00000             0.00000             1.09874            -0.59874
           711.26627             0.61402            -0.09736             0.00000             0.00000             1.09991            -0.59991
           714.03923             0.61423            -0.09752             0.00000             0.00000             1.10108            -0.60108
           716.81220             0.61444            -0.09768             0.00000             0.00000             1.10225            -0.60225
           719.58517             0.61465            -0.09784             0.00000             0.00000             1.10341            -0.60341
           722.35814             0.61486            -0.09800             0.00000             0.00000             1.10457            -0.60457
           725.13111             0.61506            -0.09816             0.00000             0.00000             1.10573            -0.60573
           727.90407             0.61527            -0.09832             0.00000             0.00000             1.10689            -0.60689
           730.67704             0.61548            -0.09847             0.00000             0.00000             1.10804            -0.60804
           733.45001             0.61569            -0.09863             0.00000             0.00000             1.10919            -0.60919
           736.22298             0.61589            -0.09879             0.00000             0.00000             1.11035            -0.61035
           738.99595             0.61610            -0.09894             0.00000             0.00000             1.11149            -0.61149
           741.76891             0.61631            -0.09910             0.00000             0.00000             1.11264            -0.61264
           744.54188             0.61651            -0.09926             0.00000             0.00000             1.11378            -0.61378
           747.31485             0.61672            -0.09941             0.00000             0.00000             1.11493            -0.61493
           750.08782             0.61692            -0.09957             0.00000             0.00000             1.11607            -0.61607
           752.86079             0.61713            -0.09972             0.00000             0.00000             1.11720            -0.61720
           755.63375             0.61733            -0.09987             0.00000             0.00000             1.11834            -0.61834
           758.40672             0.61753            -0.10003             0.00000             0.00000             1.11947            -0.61947
           761.17969             0.61774            -0.10018             0.00000             0.00000             1.12060            -0.62060
           763.95266             0.61794            -0.10033             0.00000             0.00000             1.12173            -0.62173
           766.72562             0.61814            -0.10049             0.00000             0.00000             1.12286            -0.62286
           769.49859             0.61834            -0.10064             0.00000             0.00000             1.12399            -0.62399
           772.27156             0.61855            -0.10079             0.00000             0.00000             1.12511            -0.62511
           775.04453             0.61875            -0.10094             0.00000             0.00000             1.12623            -0.62623
           777.81750             0.61895            -0.10110             0.00000             0.00000             1.12735            -0.62735
           780.59046             0.61915            -0.10125             0.00000             0.00000             1.12847            -0.62847
           783.36343             0.61935            -0.10140             0.00000             0.00000             1.12958            -0.62958
           786.13640             0.61955            -0.10155             0.00000             0.00000             1.13070            -0.63070
           788.90937             0.61975            -0.10170             0.00000             0.00000             1.13181            -0.63181
           791.68234             0.61994            -0.10185             0.00000             0.00000             1.13292            -0.63292
           794.45530             0.62014            -0.10200             0.00000             0.00000             1.13402            -0.63402
           797.22827             0.62034            -0.10215             0.00000             0.00000             1.13513            -0.63513
           800.00124             0.62054            -0.10229             0.00000             0.00000             1.13623            -0.63623
           802.77421             0.62073            -0.10244             0.00000             0.00000             1.13733            -0.63733
           805.54718             0.62093            -0.10259             0.00000             0.00000             1.13843            -0.63843
           808.32014             0.62113            -0.10274             0.00000             0.00000             1.13953            -0.63953
           811.09311             0.62132            -0.10289             0.00000             0.00000             1.14063            -0.64063
           813.86608             0.62152            -0.10303             0.00000             0.00000             1.14172            -0.64172
           816.63905             0.62171            -0.10318             0.00000             0.00000             1.14281            -0.64281
           819.41201             0.62191            -0.10333             0.00000             0.00000             1.14391            -0.64391
           822.18498             0.62210            -0.10347             0.00000             0.00000             1.14499            -0.64499
           824.95795             0.62230            -0.10362             0.00000             0.00000             1.14608            -0.64608
           827.73092             0.62249            -0.10376             0.00000             0.00000             1.14717            -0.64717
           830.50389             0.62268            -0.10391             0.00000             0.00000             1.14825            -0.64825
           833.27685             0.62288            -0.10405             0.00000             0.00000             1.14933            -0.64933
           836.04982             0.62307            -0.10420             0.00000             0.00000             1.15041            -0.65041
           838.82279             0.62326            -0.10434             0.00000             0.00000             1.15149            -0.65149
           841.59576             0.62345            -0.10449             0.00000             0.00000             1.15256            -0.65256
           844.36873             0.62365            -0.10463             0.00000             0.00000             1.15364            -0.65364
           847.14169             0.62384            -0.10477             0.00000             0.00000             1.15471            -0.65471
           849.91466             0.62403            -0.10492             0.00000             0.00000             1.15578            -0.65578
           852.68763             0.62422            -0.10506             0.00000             0.00000             1.15685            -0.65685
           855.46060             0.62441            -0.10520             0.00000             0.00000             1.15792            -0.65792
           858.23357             0.62460            -0.10534             0.00000             0.00000             1.15898            -0.65898
           861.00653             0.62479            -0.10548             0.00000             0.00000             1.16005            -0.66005
           863.77950             0.62498            -0.10563             0.00000             0.00000             1.16111            -0.66111
           866.55247             0.62517            -0.10577             0.00000             0.00000             1.16217            -0.66217
           869.32544             0.62535            -0.10591             0.00000             0.00000             1.16323            -0.66323
           872.09840             0.62554            -0.10605             0.00000             0.00000             1.16428            -0.66428
           874.87137             0.62573            -0.10619             0.00000             0.00000             1.16534            -0.66534
           877.64434             0.62592            -0.10633             0.00000             0.00000             1.16639            -0.66639
           880.41731             0.62610            -0.10647             0.00000             0.00000             1.16744            -0.66744
           883.19028             0.62629            -0.10661             0.00000             0.00000             1.16849            -0.66849
           885.96324             0.62648            -0.10675             0.00000             0.00000             1.16954            -0.66954
           888.73621             0.62666            -0.10689             0.00000             0.00000             1.17059            -0.67059
           891.50918             0.62685            -0.10703             0.00000             0.00000             1.17164            -0.67164
           894.28215             0.62703            -0.10716             0.00000             0.00000             1.17268            -0.67268
           897.05512             0.62722            -0.10730             0.00000             0.00000             1.17372            -0.67372
           899.82808             0.62740            -0.10744             0.00000             0.00000             1.17476            -0.67476
           902.60105             0.62759            -0.10758             0.00000             0.00000             1.17580            -0.67580
           905.37402             0.62777            -0.10772             0.00000             0.00000             1.17684            -0.67684
           908.14699             0.62796            -0.10785             0.00000             0.00000             1.17787            -0.67787
           910.91996             0.62814            -0.10799             0.00000             0.00000             1.17891            -0.67891
           913.69292             0.62832            -0.10813             0.00000             0.00000             1.17994            -0.67994
           916.46589             0.62851            -0.10826             0.00000             0.00000             1.18097            -0.68097
           919.23886             0.62869            -0.10840             0.00000             0.00000             1.18200            -0.68200
           922.01183             0.62887            -0.10853             0.00000             0.00000             1.18303            -0.68303
           924.78479             0.62905            -0.10867             0.00000             0.00000             1.18406            -0.68406
           927.55776             0.62923            -0.10881             0.00000             0.00000             1.18508            -0.68508
           930.33073             0.62942            -0.10894             0.00000             0.00000             1.18610            -0.68610
           933.10370             0.62960            -0.10907             0.00000             0.00000             1.18713            -0.68713
           935.87667             0.62978            -0.10921             0.00000             0.00000             1.18815            -0.68815
           938.64963             0.62996            -0.10934             0.00000             0.00000             1.18916            -0.68916
           941.42260             0.63014            -0.10948             0.00000             0.00000             1.19018            -0.69018
           944.19557             0.63032            -0.10961             0.00000             0.00000             1.19120            -0.69120
           946.96854             0.63050            -0.10974             0.00000             0.00000             1.19221            -0.69221
           949.74151             0.63068            -0.10988             0.00000             0.00000             1.19322            -0.69322
           952.51447             0.63085            -0.11001             0.00000             0.00000             1.19424            -0.69424
           955.28744             0.63103            -0.11014             0.00000             0.00000             1.19525            -0.69525
           958.06041             0.63121            -0.11028             0.00000             0.00000             1.19625            -0.69625
           960.83338             0.63139            -0.11041             0.00000             0.00000             1.19726            -0.69726
           963.60635             0.63157            -0.11054             0.00000             0.00000             1.19827            -0.69827
           966.37931             0.63175            -0.11067             0.00000             0.00000             1.19927            -0.69927
           969.15228             0.63192            -0.11080             0.00000             0.00000             1.20027            -0.70027
           971.92525             0.63210            -0.11093             0.00000             0.00000             1.20127            -0.70127
           974.69822             0.63228            -0.11107             0.00000             0.00000             1.20227            -0.70227
           977.47119             0.63245            -0.11120             0.00000             0.00000             1.20327            -0.70327
           980.24415             0.63263            -0.11133             0.00000             0.00000             1.20427            -0.70427
           983.01712             0.63280            -0.11146             0.00000             0.00000             1.20526            -0.70526
           985.79009             0.63298            -0.11159             0.00000             0.00000             1.20626            -0.70626
           988.56306             0.63315            -0.11172             0.00000             0.00000             1.20725            -0.70725
           991.33602             0.63333            -0.11185             0.00000             0.00000             1.20824            -0.70824
           994.10899             0.63350            -0.11198             0.00000             0.00000             1.20923            -0.70923
           996.88196             0.63368            -0.11210             0.00000             0.00000             1.21022            -0.71022
           999.65493             0.63385            -0.11223             0.00000             0.00000             1.21121            -0.71121
          1002.42790             0.63403            -0.11236             0.00000             0.00000             1.21219            -0.71219
          1005.20086             0.63420            -0.11249             0.00000             0.00000             1.21318            -0.71318
          1007.97383             0.63437            -0.11262             0.00000             0.00000             1.21416            -0.71416
          1010.74680             0.63455            -0.11275             0.00000             0.00000             1.21514            -0.71514
          1013.51977             0.63472            -0.11287             0.00000             0.00000             1.21612            -0.71612
          1016.29274             0.63489            -0.11300             0.00000             0.00000             1.21710            -0.71710
          1019.06570             0.63506            -0.11313             0.00000             0.00000             1.21808            -0.71808
          1021.83867             0.63523            -0.11326             0.00000             0.00000             1.21905            -0.71905
          1024.61164             0.63541            -0.11338             0.00000             0.00000             1.22003            -0.72003
          1027.38461             0.63558            -0.11351             0.00000             0.00000             1.22100            -0.72100
          1030.15758             0.63575            -0.11364             0.00000             0.00000             1.22198            -0.72198
          1032.93054             0.63592            -0.11376             0.00000             0.00000             1.22295            -0.72295
          1035.70351             0.63609            -0.11389             0.00000             0.00000             1.22392            -0.72392
          1038.47648             0.63626            -0.11401             0.00000             0.00000             1.22489            -0.72489
          1041.24945             0.63643            -0.11414             0.00000             0.00000             1.22585            -0.72585
          1044.02241             0.63660            -0.11426             0.00000             0.00000             1.22682            -0.72682
          1046.79538             0.63677            -0.11439             0.00000             0.00000             1.22778            -0.72778
          1049.56835             0.63694            -0.11451             0.00000             0.00000             1.22875            -0.72875
          1052.34132             0.63711            -0.11464             0.00000             0.00000             1.22971            -0.72971
          1055.11429             0.63728            -0.11476             0.00000             0.00000             1.23067            -0.73067
          1057.88725             0.63745            -0.11489             0.00000             0.00000             1.23163            -0.73163
          1060.66022             0.63761            -0.11501             0.00000             0.00000             1.23259            -0.73259
          1063.43319             0.63778            -0.11514             0.00000             0.00000             1.23354            -0.73354
          1066.20616             0.63795            -0.11526             0.00000             0.00000             1.23450            -0.73450
          1068.97913             0.63812            -0.11538             0.00000             0.00000             1.23545            -0.73545
          1071.75209             0.63828            -0.11551             0.00000             0.00000             1.23641            -0.73641
          1074.52506             0.63845            -0.11563             0.00000             0.00000             1.23736            -0.73736
          1077.29803             0.63862            -0.11575             0.00000             0.00000             1.23831            -0.73831
          1080.07100             0.63878            -0.11587             0.00000             0.00000             1.23926            -0.73926
          1082.84397             0.63895            -0.11600             0.00000             0.00000             1.24021            -0.74021
          1085.61693             0.63912            -0.11612             0.00000             0.00000             1.24116            -0.74116
          1088.38990             0.63928            -0.11624             0.00000             0.00000             1.24210            -0.74210
          1091.16287             0.63945            -0.11636             0.00000             0.00000             1.24305            -0.74305
          1093.93584             0.63961            -0.11648             0.00000             0.00000             1.24399            -0.74399
          1096.70880             0.63978            -0.11661             0.00000             0.00000             1.24493            -0.74493
          1099.48177             0.63994            -0.11673             0.00000             0.00000             1.24587            -0.74587
          1102.25474             0.64011            -0.11685             0.00000             0.00000             1.24681            -0.74681
          1105.02771             0.64027            -0.11697             0.00000             0.00000             1.24775            -0.74775
          1107.80068             0.64044            -0.11709             0.00000             0.00000             1.24869            -0.74869
          1110.57364             0.64060            -0.11721             0.00000             0.00000             1.24963            -0.74963
          1113.34661             0.64076            -0.11733             0.00000             0.00000             1.25056            -0.75056
          1116.11958             0.64093            -0.11745             0.00000             0.00000             1.25150            -0.75150
          1118.89255             0.64109            -0.11757             0.00000             0.00000             1.25243            -0.75243
          1121.66552             0.64125            -0.11769             0.00000             0.00000             1.25336            -0.75336
          1124.43848             0.64142            -0.11781             0.00000             0.00000             1.25429            -0.75429
          1127.21145             0.64158            -0.11793             0.00000             0.00000             1.25522            -0.75522
          1129.98442             0.64174            -0.11805             0.00000             0.00000             1.25615            -0.75615
          1132.75739             0.64190            -0.11817             0.00000             0.00000             1.25708            -0.75708
          1135.53036             0.64207            -0.11828             0.00000             0.00000             1.25800            -0.75800
          1138.30332             0.64223            -0.11840             0.00000             0.00000             1.25893            -0.75893
          1141.07629             0.64239            -0.11852             0.00000             0.00000             1.25985            -0.75985
          1143.84926             0.64255            -0.11864             0.00000             0.00000             1.26077            -0.76077
          1146.62223             0.64271            -0.11876             0.00000             0.00000             1.26169            -0.76169
          1149.39519             0.64287            -0.11887             0.00000             0.00000             1.26262            -0.76262
          1152.16816             0.64303            -0.11899             0.00000             0.00000             1.26353            -0.76353
          1154.94113             0.64319            -0.11911             0.00000             0.00000             1.26445            -0.76445
          1157.71410             0.64335            -0.11923             0.00000             0.00000             1.26537            -0.76537
          1160.48707             0.64351            -0.11934             0.00000             0.00000             1.26629            -0.76629
          1163.26003             0.64367            -0.11946             0.00000             0.00000             1.26720            -0.76720
          1166.03300             0.64383            -0.11958             0.00000             0.00000             1.26812            -0.76812
          1168.80597             0.64399            -0.11969             0.00000             0.00000             1.26903            -0.76903
          1171.57894             0.64415            -0.11981             0.00000             0.00000             1.26994            -0.76994
          1174.35191             0.64431            -0.11993             0.00000             0.00000             1.27085            -0.77085
          1177.12487             0.64447            -0.12004             0.00000             0.00000             1.27176            -0.77176
          1179.89784             0.64463            -0.12016             0.00000             0.00000             1.27267            -0.77267
          1182.67081             0.64478            -0.12027             0.00000             0.00000             1.27358            -0.77358
          1185.44378             0.64494            -0.12039             0.00000             0.00000             1.27448            -0.77448
          1188.21675             0.64510            -0.12050             0.00000             0.00000             1.27539            -0.77539
          1190.98971             0.64526            -0.12062             0.00000             0.00000             1.27629            -0.77629
          1193.76268             0.64541            -0.12073             0.00000             0.00000             1.27719            -0.77719
          1196.53565             0.64557            -0.12085             0.00000             0.00000             1.27810            -0.77810
          1199.30862             0.64573            -0.12096             0.00000             0.00000             1.27900            -0.77900
          1202.08159             0.64588            -0.12108             0.00000             0.00000             1.27990            -0.77990
          1204.85455             0.64604            -0.12119             0.00000             0.00000             1.28080            -0.78080
          1207.62752             0.64620            -0.12131             0.00000             0.00000             1.28170            -0.78170
          1210.40049             0.64635            -0.12142             0.00000             0.00000             1.28259            -0.78259
          1213.17346             0.64651            -0.12153             0.00000             0.00000             1.28349            -0.78349
          1215.94642             0.64666            -0.12165             0.00000             0.00000             1.28438            -0.78438
          1218.71939             0.64682            -0.12176             0.00000             0.00000             1.28528            -0.78528
          1221.49236             0.64697            -0.12187             0.00000             0.00000             1.28617            -0.78617
          1224.26533             0.64713            -0.12199             0.00000             0.00000             1.28706            -0.78706
          1227.03830             0.64728            -0.12210             0.00000             0.00000             1.28795            -0.78795
          1229.81126             0.64744            -0.12221             0.00000             0.00000             1.28884            -0.78884
          1232.58423             0.64759            -0.12232             0.00000             0.00000             1.28973            -0.78973
          1235.35720             0.64775            -0.12244             0.00000             0.00000             1.29062            -0.79062
          1238.13017             0.64790            -0.12255             0.00000             0.00000             1.29151            -0.79151
          1240.90314             0.64806            -0.12266             0.00000             0.00000             1.29239            -0.79239
          1243.67610             0.64821            -0.12277             0.00000             0.00000             1.29328            -0.79328
          1246.44907             0.64836            -0.12288             0.00000             0.00000             1.29416            -0.79416
          1249.22204             0.64852            -0.12300             0.00000             0.00000             1.29504            -0.79504
          1251.99501             0.64867            -0.12311             0.00000             0.00000             1.29593            -0.79593
          1254.76798             0.64882            -0.12322             0.00000             0.00000             1.29681            -0.79681
          1257.54094             0.64897            -0.12333             0.00000             0.00000             1.29769            -0.79769
          1260.31391             0.64913            -0.12344             0.00000             0.00000             1.29856            -0.79857
          1263.08688             0.64928            -0.12355             0.00000             0.00000             1.29944            -0.79944
          1265.85985             0.64943            -0.12366             0.00000             0.00000             1.30032            -0.80032
          1268.63281             0.64958            -0.12377             0.00000             0.00000             1.30120            -0.80120
          1271.40578             0.64973            -0.12388             0.00000             0.00000             1.30207            -0.80207
          1274.17875             0.64989            -0.12399             0.00000             0.00000             1.30295            -0.80295
          1276.95172             0.65004            -0.12410             0.00000             0.00000             1.30382            -0.80382
          1279.72469             0.65019            -0.12421             0.00000             0.00000             1.30469            -0.80469
          1282.49765             0.65034            -0.12432             0.00000             0.00000             1.30556            -0.80556
          1285.27062             0.65049            -0.12443             0.00000             0.00000             1.30643            -0.80643
          1288.04359             0.65064            -0.12454             0.00000             0.00000             1.30730            -0.80730
          1290.81656             0.65079            -0.12465             0.00000             0.00000             1.30817            -0.80817
          1293.58953             0.65094            -0.12476             0.00000             0.00000             1.30904            -0.80904
          1296.36249             0.65109            -0.12487             0.00000             0.00000             1.30991            -0.80991
          1299.13546             0.65124            -0.12498             0.00000             0.00000             1.31077            -0.81077
          1301.90843             0.65139            -0.12509             0.00000             0.00000             1.31164            -0.81164
          1304.68140             0.65154            -0.12519             0.00000             0.00000             1.31250            -0.81250
          1307.45437             0.65169            -0.12530             0.00000             0.00000             1.31336            -0.81336
          1310.22733             0.65184            -0.12541             0.00000             0.00000             1.31422            -0.81422
          1313.00030             0.65199            -0.12552             0.00000             0.00000             1.31509            -0.81509
          1315.77327             0.65214            -0.12563             0.00000             0.00000             1.31595            -0.81595
          1318.54624             0.65228            -0.12573             0.00000             0.00000             1.31681            -0.81681
          1321.31920             0.65243            -0.12584             0.00000             0.00000             1.31766            -0.81766
          1324.09217             0.65258            -0.12595             0.00000             0.00000             1.31852            -0.81852
          1326.86514             0.65273            -0.12606             0.00000             0.00000             1.31938            -0.81938
          1329.63811             0.65288            -0.12616             0.00000             0.00000             1.32023            -0.82023
          1332.41108             0.65302            -0.12627             0.00000             0.00000             1.32109            -0.82109
          1335.18404             0.65317            -0.12638             0.00000             0.00000             1.32194            -0.82194
          1337.95701             0.65332            -0.12648             0.00000             0.00000             1.32280            -0.82280
          1340.72998             0.65347            -0.12659             0.00000             0.00000             1.32365            -0.82365
          1343.50295             0.65361            -0.12670             0.00000             0.00000             1.32450            -0.82450
          1346.27592             0.65376            -0.12680             0.00000             0.00000             1.32535            -0.82535
          1349.04888             0.65391            -0.12691             0.00000             0.00000             1.32620            -0.82620
          1351.82185             0.65405            -0.12701             0.00000             0.00000             1.32705            -0.82705
          1354.59482             0.65420            -0.12712             0.00000             0.00000             1.32790            -0.82790
          1357.36779             0.65435            -0.12723             0.00000             0.00000             1.32874            -0.82874
          1360.14076             0.65449            -0.12733             0.00000             0.00000             1.32959            -0.82959
          1362.91372             0.65464            -0.12744             0.00000             0.00000             1.33043            -0.83043
          1365.68669             0.65478            -0.12754             0.00000             0.00000             1.33128            -0.83128
          1368.45966             0.65493            -0.12765             0.00000             0.00000             1.33212            -0.83212
          1371.23263             0.65507            -0.12775             0.00000             0.00000             1.33296            -0.83296
          1374.00559             0.65522            -0.12786             0.00000             0.00000             1.33381            -0.83381
          1376.77856             0.65536            -0.12796             0.00000             0.00000             1.33465            -0.83465
          1379.55153             0.65551            -0.12807             0.00000             0.00000             1.33549            -0.83549
          1382.32450             0.65565            -0.12817             0.00000             0.00000             1.33633            -0.83633
          1385.09747             0.65580            -0.12827             0.00000             0.00000             1.33716            -0.83717
