      0.4646185808815062
      0.8444925113581121
      0.3856450049206614
      0.5356007195077837
      0.8412969587370753
      0.6779920780099928
      0.0128604201599956
      0.1450817296281457
      0.3886309955269098
      0.7211448620073497
      0.2817014013417065
      0.5554545545019209
      0.5247018607333302
      0.6641774512827396
      0.8304289067164063
      0.0186416818760335
      0.3107474362477660
      0.7321634478867054
      0.4710743618197739
      0.3468027915805578
      0.7145208083093166
      0.9512308463454247
      0.3368419720791280
      0.3030273700132966
      0.9810101846233010
      0.8381806411780417
      0.3020428391173482
      0.4339994089677930
      0.2280699182301760
      0.1711174794472754
      0.9714784091338515
      0.6376299154944718
      0.6459947056137025
      0.2330223051831126
      0.4058850361034274
      0.7098049665801227
      0.6920788669958711
      0.7695230157114565
      0.3733310848474503
      0.5755459526553750
      0.2008307832293212
      0.3629753068089485
      0.5259843785315752
      0.2194540966302156
      0.3650037813931704
      0.6185567313805223
      0.0829891534522176
      0.7987027205526829
      0.7966305795125663
      0.9701561019755900
      0.4136134963482618
      0.6020363620482385
      0.4251416563056409
      0.3558208560571074
      0.2811305364593863
      0.9609284726902843
      0.3248480260372162
      0.7207761495374143
      0.0847509163431823
      0.4086516429670155
      0.2081665447913110
      0.6551199364475906
      0.6007770015858114
      0.2590703545138240
      0.1954503413289785
      0.9338882453739643
      0.8597473087720573
      0.7730252603068948
      0.2355560278519988
      0.9901619516313076
      0.6519288164563477
      0.9676232836209238
      0.8445353894494474
      0.1062970864586532
      0.5351329422555864
      0.9793646773323417
      0.1821395894512534
      0.2200813326053321
      0.9069588198326528
      0.2568920254707336
      0.5842740968801081
      0.8947508363053203
      0.0773127861320972
      0.3959971270523965
      0.5237174686044455
      0.1194989336654544
      0.4185790503397584
      0.0581023362465203
      0.5259657497517765
      0.9063601940870285
      0.1957891141064465
      0.6276423190720379
      0.7844615555368364
      0.4453700468875468
      0.3343815244734287
      0.9502844414673746
      0.4306151792407036
      0.3493208684958518
      0.0358395436778665
      0.3552108742296696

