  -7.7587332187731603E-002
  0.13644493425698570     
  -1.9675177883620044E-002
 -0.13476919140311813     
 -0.32241568369756768     
  0.17537102330468701     
 -0.24125263395346278     
 -0.13393921320700378     
   6.3102505204861062E-002
   6.3691961973563888E-002
 -0.20290935044775174     
  0.27453481894445741     
   6.9607245222537233E-004
 -0.11665963844963302     
  -7.4662206153873895E-002
  0.17595980033707567     
 -0.14650533721562201     
   3.3149100942433438E-002
  0.27543833006149426     
  0.51928370691418546     
  0.58259353570528227     
  -3.7457647128818827E-002
   1.0698929248102455E-002
   4.9914805319616097E-002
   5.1271811983840197E-002
  0.18249464403449306     
  0.10133353161791339     
  -2.4139999175033289E-002
   1.8927687296092992E-002
  -6.1332978587501599E-002
   9.8720431939223422E-003
   6.1706851879081641E-002
  0.18249102350101157     
 -0.38848050882207835     
  0.13669558300089707     
 -0.23097586762776781     
  -2.0490217265548828E-002
  -1.4395329038583106E-002
  0.52781271764901894     
  0.14809597168459654     
 -0.15169492162017281     
  -4.6594997038002392E-002
  -3.4964768626820665E-002
 -0.36703419845518842     
   5.1503720568036641E-002
  0.25693960906473645     
  -8.5505544113020276E-002
 -0.12431056626888251     
   7.2271180552853087E-002
  0.17346135154684406     
  -1.0000008380643591E-002
  0.20088524430426744     
  -1.2528074630840101E-002
   4.4416818095083507E-002
  -4.9432887148075151E-002
  0.22529191974994356     
  -2.7689853006084938E-002
  0.20919311014648029     
 -0.18361897737537813     
 -0.17735888494797605     
   1.6103757902809795E-002
 -0.44431894740709704     
  -8.4089970869507917E-003
 -0.18219858691945889     
   3.3431370291435343E-002
   8.9325526941657629E-002
  0.45768143109650206     
   9.1014649423426019E-002
  -6.1005233058602115E-002
  0.12397562360933098     
  -2.6291447634928994E-002
 -0.12308167739134597     
  0.18099047812547428     
  -7.9285403630711404E-002
 -0.11646405748911962     
  0.41293631631909467     
  -5.5581094793833823E-002
  -4.2535046014634453E-002
   9.5267903993587616E-002
 -0.25007485177691097     
  -1.6617932950827901E-002
  -5.6942318462823889E-002
  -7.8498200840501232E-003
   4.0839076646414327E-002
   6.7536297940473805E-003
  -9.7944495750949864E-002
  -9.5226494482703192E-002
 -0.10650753597998466     
  0.18591336680576626     
   4.9321137420270188E-002
   8.7431155059720829E-003
   8.0176338559074994E-002
   7.1026415409187783E-003
   9.0269197440883756E-002
 -0.15698781388106400     
  -6.4194398055911484E-002
 -0.12175510587559882     
  -3.6212689474277512E-002
  -6.9765018700964895E-002
  -6.7198244562750614E-002
