        nu_e/omega_T             omega_r             omega_i            omega1_r            omega1_i            omega2_r            omega2_i
             1.41393             0.52615            -0.02494             0.00000             0.00000             0.52623            -0.02623
             4.24179             0.54508            -0.04175             0.00000             0.00000             0.54543            -0.04543
             7.06965             0.55794            -0.05273             0.00000             0.00000             0.55865            -0.05865
             9.89752             0.56830            -0.06132             0.00000             0.00000             0.56939            -0.06939
            12.72538             0.57716            -0.06854             0.00000             0.00000             0.57869            -0.07869
            15.55324             0.58502            -0.07484             0.00000             0.00000             0.58699            -0.08699
            18.38110             0.59214            -0.08047             0.00000             0.00000             0.59457            -0.09457
            21.20896             0.59868            -0.08558             0.00000             0.00000             0.60158            -0.10158
            24.03682             0.60476            -0.09028             0.00000             0.00000             0.60814            -0.10814
            26.86469             0.61045            -0.09465             0.00000             0.00000             0.61433            -0.11433
            29.69255             0.61582            -0.09873             0.00000             0.00000             0.62019            -0.12019
            32.52041             0.62091            -0.10258             0.00000             0.00000             0.62579            -0.12579
            35.34827             0.62576            -0.10621             0.00000             0.00000             0.63114            -0.13114
            38.17613             0.63039            -0.10967             0.00000             0.00000             0.63629            -0.13629
            41.00399             0.63483            -0.11296             0.00000             0.00000             0.64124            -0.14124
            43.83186             0.63910            -0.11611             0.00000             0.00000             0.64603            -0.14603
            46.65972             0.64322            -0.11913             0.00000             0.00000             0.65067            -0.15067
            49.48758             0.64719            -0.12203             0.00000             0.00000             0.65517            -0.15517
            52.31544             0.65104            -0.12483             0.00000             0.00000             0.65954            -0.15954
            55.14330             0.65477            -0.12753             0.00000             0.00000             0.66380            -0.16380
            57.97116             0.65839            -0.13015             0.00000             0.00000             0.66794            -0.16794
            60.79903             0.66191            -0.13268             0.00000             0.00000             0.67199            -0.17199
            63.62689             0.66534            -0.13513             0.00000             0.00000             0.67595            -0.17595
            66.45475             0.66868            -0.13752             0.00000             0.00000             0.67981            -0.17981
            69.28261             0.67193            -0.13983             0.00000             0.00000             0.68360            -0.18360
            72.11047             0.67511            -0.14209             0.00000             0.00000             0.68731            -0.18731
            74.93833             0.67822            -0.14429             0.00000             0.00000             0.69095            -0.19095
            77.76620             0.68126            -0.14644             0.00000             0.00000             0.69451            -0.19451
            80.59406             0.68423            -0.14853             0.00000             0.00000             0.69802            -0.19802
            83.42192             0.68715            -0.15058             0.00000             0.00000             0.70146            -0.20146
            86.24978             0.69000            -0.15258             0.00000             0.00000             0.70485            -0.20485
            89.07764             0.69281            -0.15454             0.00000             0.00000             0.70818            -0.20818
            91.90550             0.69556            -0.15645             0.00000             0.00000             0.71146            -0.21146
            94.73337             0.69826            -0.15833             0.00000             0.00000             0.71469            -0.21469
            97.56123             0.70091            -0.16018             0.00000             0.00000             0.71787            -0.21787
           100.38909             0.70352            -0.16198             0.00000             0.00000             0.72100            -0.22100
           103.21695             0.70608            -0.16375             0.00000             0.00000             0.72410            -0.22410
           106.04481             0.70860            -0.16550             0.00000             0.00000             0.72714            -0.22714
           108.87267             0.71108            -0.16721             0.00000             0.00000             0.73015            -0.23015
           111.70054             0.71353            -0.16889             0.00000             0.00000             0.73312            -0.23312
           114.52840             0.71594            -0.17054             0.00000             0.00000             0.73606            -0.23606
           117.35626             0.71831            -0.17217             0.00000             0.00000             0.73895            -0.23895
           120.18412             0.72065            -0.17377             0.00000             0.00000             0.74181            -0.24181
           123.01198             0.72295            -0.17534             0.00000             0.00000             0.74464            -0.24464
           125.83984             0.72523            -0.17689             0.00000             0.00000             0.74744            -0.24744
           128.66771             0.72747            -0.17842             0.00000             0.00000             0.75020            -0.25020
           131.49557             0.72968            -0.17993             0.00000             0.00000             0.75294            -0.25294
           134.32343             0.73187            -0.18141             0.00000             0.00000             0.75564            -0.25564
           137.15129             0.73403            -0.18288             0.00000             0.00000             0.75832            -0.25832
           139.97915             0.73616            -0.18432             0.00000             0.00000             0.76097            -0.26097
           142.80702             0.73826            -0.18574             0.00000             0.00000             0.76359            -0.26359
           145.63488             0.74034            -0.18715             0.00000             0.00000             0.76619            -0.26619
           148.46274             0.74240            -0.18854             0.00000             0.00000             0.76876            -0.26876
           151.29060             0.74443            -0.18990             0.00000             0.00000             0.77131            -0.27131
           154.11846             0.74644            -0.19126             0.00000             0.00000             0.77383            -0.27383
           156.94632             0.74843            -0.19259             0.00000             0.00000             0.77633            -0.27633
           159.77419             0.75039            -0.19391             0.00000             0.00000             0.77881            -0.27881
           162.60205             0.75234            -0.19522             0.00000             0.00000             0.78127            -0.28127
           165.42991             0.75426            -0.19651             0.00000             0.00000             0.78370            -0.28370
           168.25777             0.75617            -0.19778             0.00000             0.00000             0.78612            -0.28612
           171.08563             0.75805            -0.19904             0.00000             0.00000             0.78851            -0.28851
           173.91349             0.75992            -0.20029             0.00000             0.00000             0.79089            -0.29089
           176.74136             0.76176            -0.20152             0.00000             0.00000             0.79324            -0.29324
           179.56922             0.76359            -0.20274             0.00000             0.00000             0.79558            -0.29558
           182.39708             0.76540            -0.20395             0.00000             0.00000             0.79790            -0.29790
           185.22494             0.76720            -0.20514             0.00000             0.00000             0.80020            -0.30020
           188.05280             0.76898            -0.20632             0.00000             0.00000             0.80248            -0.30248
           190.88066             0.77074            -0.20749             0.00000             0.00000             0.80475            -0.30475
           193.70853             0.77248            -0.20865             0.00000             0.00000             0.80700            -0.30700
           196.53639             0.77422            -0.20980             0.00000             0.00000             0.80923            -0.30923
           199.36425             0.77593            -0.21093             0.00000             0.00000             0.81144            -0.31144
           202.19211             0.77763            -0.21206             0.00000             0.00000             0.81365            -0.31365
           205.01997             0.77932            -0.21317             0.00000             0.00000             0.81583            -0.31583
           207.84783             0.78099            -0.21428             0.00000             0.00000             0.81800            -0.31800
           210.67570             0.78265            -0.21537             0.00000             0.00000             0.82016            -0.32016
           213.50356             0.78429            -0.21646             0.00000             0.00000             0.82230            -0.32230
           216.33142             0.78592            -0.21753             0.00000             0.00000             0.82443            -0.32443
           219.15928             0.78754            -0.21860             0.00000             0.00000             0.82654            -0.32654
           221.98714             0.78914            -0.21965             0.00000             0.00000             0.82864            -0.32864
           224.81500             0.79073            -0.22070             0.00000             0.00000             0.83073            -0.33073
           227.64287             0.79231            -0.22174             0.00000             0.00000             0.83280            -0.33280
           230.47073             0.79388            -0.22277             0.00000             0.00000             0.83486            -0.33486
           233.29859             0.79544            -0.22379             0.00000             0.00000             0.83691            -0.33691
           236.12645             0.79698            -0.22480             0.00000             0.00000             0.83895            -0.33895
           238.95431             0.79852            -0.22581             0.00000             0.00000             0.84097            -0.34097
           241.78217             0.80004            -0.22680             0.00000             0.00000             0.84298            -0.34298
           244.61004             0.80155            -0.22779             0.00000             0.00000             0.84498            -0.34498
           247.43790             0.80305            -0.22877             0.00000             0.00000             0.84697            -0.34697
           250.26576             0.80454            -0.22975             0.00000             0.00000             0.84895            -0.34895
           253.09362             0.80602            -0.23071             0.00000             0.00000             0.85091            -0.35091
           255.92148             0.80749            -0.23167             0.00000             0.00000             0.85287            -0.35287
           258.74934             0.80895            -0.23262             0.00000             0.00000             0.85481            -0.35481
           261.57721             0.81040            -0.23357             0.00000             0.00000             0.85674            -0.35674
           264.40507             0.81184            -0.23451             0.00000             0.00000             0.85867            -0.35867
           267.23293             0.81327            -0.23544             0.00000             0.00000             0.86058            -0.36058
           270.06079             0.81469            -0.23636             0.00000             0.00000             0.86248            -0.36248
           272.88865             0.81610            -0.23728             0.00000             0.00000             0.86438            -0.36438
           275.71651             0.81750            -0.23819             0.00000             0.00000             0.86626            -0.36626
           278.54438             0.81889            -0.23910             0.00000             0.00000             0.86813            -0.36813
           281.37224             0.82028            -0.24000             0.00000             0.00000             0.87000            -0.37000
           284.20010             0.82165            -0.24089             0.00000             0.00000             0.87185            -0.37185
           287.02796             0.82302            -0.24178             0.00000             0.00000             0.87370            -0.37370
           289.85582             0.82438            -0.24266             0.00000             0.00000             0.87553            -0.37553
           292.68368             0.82573            -0.24353             0.00000             0.00000             0.87736            -0.37736
           295.51155             0.82707            -0.24440             0.00000             0.00000             0.87918            -0.37918
           298.33941             0.82841            -0.24527             0.00000             0.00000             0.88099            -0.38099
           301.16727             0.82974            -0.24613             0.00000             0.00000             0.88279            -0.38279
           303.99513             0.83106            -0.24698             0.00000             0.00000             0.88458            -0.38458
           306.82299             0.83237            -0.24783             0.00000             0.00000             0.88637            -0.38637
           309.65085             0.83367            -0.24867             0.00000             0.00000             0.88814            -0.38814
           312.47872             0.83497            -0.24951             0.00000             0.00000             0.88991            -0.38991
           315.30658             0.83626            -0.25034             0.00000             0.00000             0.89167            -0.39167
           318.13444             0.83754            -0.25117             0.00000             0.00000             0.89343            -0.39343
           320.96230             0.83882            -0.25199             0.00000             0.00000             0.89517            -0.39517
           323.79016             0.84008            -0.25281             0.00000             0.00000             0.89691            -0.39691
           326.61802             0.84135            -0.25362             0.00000             0.00000             0.89864            -0.39864
           329.44589             0.84260            -0.25443             0.00000             0.00000             0.90036            -0.40036
           332.27375             0.84385            -0.25523             0.00000             0.00000             0.90207            -0.40207
           335.10161             0.84509            -0.25603             0.00000             0.00000             0.90378            -0.40378
           337.92947             0.84632            -0.25682             0.00000             0.00000             0.90548            -0.40548
           340.75733             0.84755            -0.25761             0.00000             0.00000             0.90717            -0.40717
           343.58519             0.84877            -0.25840             0.00000             0.00000             0.90886            -0.40886
           346.41306             0.84999            -0.25918             0.00000             0.00000             0.91054            -0.41054
           349.24092             0.85120            -0.25996             0.00000             0.00000             0.91221            -0.41221
           352.06878             0.85240            -0.26073             0.00000             0.00000             0.91388            -0.41388
           354.89664             0.85360            -0.26150             0.00000             0.00000             0.91554            -0.41554
           357.72450             0.85479            -0.26226             0.00000             0.00000             0.91719            -0.41719
           360.55236             0.85598            -0.26302             0.00000             0.00000             0.91883            -0.41883
           363.38023             0.85716            -0.26378             0.00000             0.00000             0.92047            -0.42047
           366.20809             0.85833            -0.26453             0.00000             0.00000             0.92211            -0.42211
           369.03595             0.85950            -0.26528             0.00000             0.00000             0.92373            -0.42373
           371.86381             0.86066            -0.26602             0.00000             0.00000             0.92535            -0.42535
           374.69167             0.86182            -0.26676             0.00000             0.00000             0.92697            -0.42697
           377.51954             0.86297            -0.26750             0.00000             0.00000             0.92858            -0.42858
           380.34740             0.86411            -0.26823             0.00000             0.00000             0.93018            -0.43018
           383.17526             0.86526            -0.26896             0.00000             0.00000             0.93177            -0.43177
           386.00312             0.86639            -0.26968             0.00000             0.00000             0.93336            -0.43336
           388.83098             0.86752            -0.27041             0.00000             0.00000             0.93495            -0.43495
           391.65884             0.86865            -0.27112             0.00000             0.00000             0.93653            -0.43653
           394.48671             0.86977            -0.27184             0.00000             0.00000             0.93810            -0.43810
           397.31457             0.87088            -0.27255             0.00000             0.00000             0.93967            -0.43967
           400.14243             0.87199            -0.27326             0.00000             0.00000             0.94123            -0.44123
           402.97029             0.87310            -0.27396             0.00000             0.00000             0.94279            -0.44279
           405.79815             0.87420            -0.27466             0.00000             0.00000             0.94434            -0.44434
           408.62601             0.87529            -0.27536             0.00000             0.00000             0.94588            -0.44588
           411.45388             0.87638            -0.27606             0.00000             0.00000             0.94742            -0.44742
           414.28174             0.87747            -0.27675             0.00000             0.00000             0.94896            -0.44896
           417.10960             0.87855            -0.27744             0.00000             0.00000             0.95049            -0.45049
           419.93746             0.87963            -0.27812             0.00000             0.00000             0.95201            -0.45201
           422.76532             0.88070            -0.27880             0.00000             0.00000             0.95353            -0.45353
           425.59318             0.88177            -0.27948             0.00000             0.00000             0.95505            -0.45505
           428.42105             0.88283            -0.28016             0.00000             0.00000             0.95655            -0.45655
           431.24891             0.88389            -0.28083             0.00000             0.00000             0.95806            -0.45806
           434.07677             0.88494            -0.28150             0.00000             0.00000             0.95956            -0.45956
           436.90463             0.88599            -0.28217             0.00000             0.00000             0.96105            -0.46105
           439.73249             0.88704            -0.28283             0.00000             0.00000             0.96254            -0.46254
           442.56035             0.88808            -0.28349             0.00000             0.00000             0.96403            -0.46403
           445.38822             0.88912            -0.28415             0.00000             0.00000             0.96551            -0.46551
           448.21608             0.89015            -0.28481             0.00000             0.00000             0.96698            -0.46698
           451.04394             0.89118            -0.28546             0.00000             0.00000             0.96845            -0.46845
           453.87180             0.89221            -0.28611             0.00000             0.00000             0.96992            -0.46992
           456.69966             0.89323            -0.28675             0.00000             0.00000             0.97138            -0.47138
           459.52752             0.89424            -0.28740             0.00000             0.00000             0.97284            -0.47284
           462.35539             0.89526            -0.28804             0.00000             0.00000             0.97429            -0.47429
           465.18325             0.89627            -0.28868             0.00000             0.00000             0.97574            -0.47574
           468.01111             0.89727            -0.28932             0.00000             0.00000             0.97718            -0.47718
           470.83897             0.89827            -0.28995             0.00000             0.00000             0.97862            -0.47862
           473.66683             0.89927            -0.29058             0.00000             0.00000             0.98006            -0.48006
           476.49469             0.90027            -0.29121             0.00000             0.00000             0.98149            -0.48149
           479.32256             0.90126            -0.29184             0.00000             0.00000             0.98292            -0.48292
           482.15042             0.90224            -0.29246             0.00000             0.00000             0.98434            -0.48434
           484.97828             0.90322            -0.29308             0.00000             0.00000             0.98576            -0.48576
           487.80614             0.90420            -0.29370             0.00000             0.00000             0.98717            -0.48717
           490.63400             0.90518            -0.29432             0.00000             0.00000             0.98858            -0.48858
           493.46186             0.90615            -0.29493             0.00000             0.00000             0.98999            -0.48999
           496.28973             0.90712            -0.29554             0.00000             0.00000             0.99139            -0.49139
           499.11759             0.90809            -0.29615             0.00000             0.00000             0.99279            -0.49279
           501.94545             0.90905            -0.29676             0.00000             0.00000             0.99418            -0.49418
           504.77331             0.91001            -0.29736             0.00000             0.00000             0.99557            -0.49557
           507.60117             0.91096            -0.29797             0.00000             0.00000             0.99696            -0.49696
           510.42903             0.91191            -0.29857             0.00000             0.00000             0.99834            -0.49834
           513.25690             0.91286            -0.29916             0.00000             0.00000             0.99972            -0.49972
           516.08476             0.91381            -0.29976             0.00000             0.00000             1.00109            -0.50109
           518.91262             0.91475            -0.30035             0.00000             0.00000             1.00246            -0.50246
           521.74048             0.91569            -0.30094             0.00000             0.00000             1.00383            -0.50383
           524.56834             0.91662            -0.30153             0.00000             0.00000             1.00519            -0.50519
           527.39620             0.91755            -0.30212             0.00000             0.00000             1.00655            -0.50655
           530.22407             0.91848            -0.30270             0.00000             0.00000             1.00791            -0.50791
           533.05193             0.91941            -0.30329             0.00000             0.00000             1.00926            -0.50926
           535.87979             0.92033            -0.30387             0.00000             0.00000             1.01061            -0.51061
           538.70765             0.92125            -0.30445             0.00000             0.00000             1.01196            -0.51196
           541.53551             0.92217            -0.30502             0.00000             0.00000             1.01330            -0.51330
           544.36337             0.92308            -0.30560             0.00000             0.00000             1.01464            -0.51464
           547.19124             0.92399            -0.30617             0.00000             0.00000             1.01597            -0.51597
           550.01910             0.92490            -0.30674             0.00000             0.00000             1.01730            -0.51730
           552.84696             0.92580            -0.30731             0.00000             0.00000             1.01863            -0.51863
           555.67482             0.92670            -0.30787             0.00000             0.00000             1.01996            -0.51996
           558.50268             0.92760            -0.30844             0.00000             0.00000             1.02128            -0.52128
           561.33054             0.92850            -0.30900             0.00000             0.00000             1.02260            -0.52260
           564.15841             0.92939            -0.30956             0.00000             0.00000             1.02391            -0.52391
           566.98627             0.93028            -0.31012             0.00000             0.00000             1.02522            -0.52522
           569.81413             0.93117            -0.31068             0.00000             0.00000             1.02653            -0.52653
           572.64199             0.93205            -0.31123             0.00000             0.00000             1.02784            -0.52784
           575.46985             0.93293            -0.31178             0.00000             0.00000             1.02914            -0.52914
           578.29771             0.93381            -0.31234             0.00000             0.00000             1.03044            -0.53044
           581.12558             0.93469            -0.31288             0.00000             0.00000             1.03173            -0.53173
           583.95344             0.93556            -0.31343             0.00000             0.00000             1.03302            -0.53302
           586.78130             0.93643            -0.31398             0.00000             0.00000             1.03431            -0.53431
           589.60916             0.93730            -0.31452             0.00000             0.00000             1.03560            -0.53560
           592.43702             0.93817            -0.31506             0.00000             0.00000             1.03688            -0.53688
           595.26488             0.93903            -0.31561             0.00000             0.00000             1.03816            -0.53816
           598.09275             0.93989            -0.31614             0.00000             0.00000             1.03944            -0.53944
           600.92061             0.94075            -0.31668             0.00000             0.00000             1.04071            -0.54071
           603.74847             0.94160            -0.31722             0.00000             0.00000             1.04198            -0.54198
           606.57633             0.94245            -0.31775             0.00000             0.00000             1.04325            -0.54325
           609.40419             0.94330            -0.31828             0.00000             0.00000             1.04452            -0.54452
           612.23206             0.94415            -0.31881             0.00000             0.00000             1.04578            -0.54578
           615.05992             0.94500            -0.31934             0.00000             0.00000             1.04704            -0.54704
           617.88778             0.94584            -0.31987             0.00000             0.00000             1.04829            -0.54829
           620.71564             0.94668            -0.32039             0.00000             0.00000             1.04955            -0.54955
           623.54350             0.94752            -0.32092             0.00000             0.00000             1.05080            -0.55080
           626.37136             0.94835            -0.32144             0.00000             0.00000             1.05204            -0.55204
           629.19923             0.94918            -0.32196             0.00000             0.00000             1.05329            -0.55329
           632.02709             0.95002            -0.32248             0.00000             0.00000             1.05453            -0.55453
           634.85495             0.95084            -0.32300             0.00000             0.00000             1.05577            -0.55577
           637.68281             0.95167            -0.32351             0.00000             0.00000             1.05701            -0.55701
           640.51067             0.95249            -0.32403             0.00000             0.00000             1.05824            -0.55824
           643.33853             0.95331            -0.32454             0.00000             0.00000             1.05947            -0.55947
           646.16640             0.95413            -0.32505             0.00000             0.00000             1.06070            -0.56070
           648.99426             0.95495            -0.32556             0.00000             0.00000             1.06192            -0.56192
           651.82212             0.95576            -0.32607             0.00000             0.00000             1.06315            -0.56315
           654.64998             0.95658            -0.32658             0.00000             0.00000             1.06437            -0.56437
           657.47784             0.95739            -0.32708             0.00000             0.00000             1.06559            -0.56559
           660.30570             0.95819            -0.32758             0.00000             0.00000             1.06680            -0.56680
           663.13357             0.95900            -0.32809             0.00000             0.00000             1.06801            -0.56801
           665.96143             0.95980            -0.32859             0.00000             0.00000             1.06922            -0.56922
           668.78929             0.96060            -0.32909             0.00000             0.00000             1.07043            -0.57043
           671.61715             0.96140            -0.32958             0.00000             0.00000             1.07163            -0.57163
           674.44501             0.96220            -0.33008             0.00000             0.00000             1.07284            -0.57284
           677.27287             0.96299            -0.33058             0.00000             0.00000             1.07404            -0.57404
           680.10074             0.96378            -0.33107             0.00000             0.00000             1.07523            -0.57523
           682.92860             0.96458            -0.33156             0.00000             0.00000             1.07643            -0.57643
           685.75646             0.96536            -0.33205             0.00000             0.00000             1.07762            -0.57762
           688.58432             0.96615            -0.33254             0.00000             0.00000             1.07881            -0.57881
           691.41218             0.96693            -0.33303             0.00000             0.00000             1.08000            -0.58000
           694.24004             0.96772            -0.33352             0.00000             0.00000             1.08118            -0.58118
           697.06791             0.96850            -0.33400             0.00000             0.00000             1.08236            -0.58236
           699.89577             0.96927            -0.33449             0.00000             0.00000             1.08354            -0.58354
           702.72363             0.97005            -0.33497             0.00000             0.00000             1.08472            -0.58472
           705.55149             0.97082            -0.33545             0.00000             0.00000             1.08590            -0.58590
           708.37935             0.97160            -0.33593             0.00000             0.00000             1.08707            -0.58707
           711.20721             0.97237            -0.33641             0.00000             0.00000             1.08824            -0.58824
           714.03508             0.97313            -0.33689             0.00000             0.00000             1.08941            -0.58941
           716.86294             0.97390            -0.33737             0.00000             0.00000             1.09058            -0.59058
           719.69080             0.97467            -0.33784             0.00000             0.00000             1.09174            -0.59174
           722.51866             0.97543            -0.33832             0.00000             0.00000             1.09290            -0.59290
           725.34652             0.97619            -0.33879             0.00000             0.00000             1.09406            -0.59406
           728.17438             0.97695            -0.33926             0.00000             0.00000             1.09522            -0.59522
           731.00225             0.97770            -0.33973             0.00000             0.00000             1.09637            -0.59637
           733.83011             0.97846            -0.34020             0.00000             0.00000             1.09752            -0.59752
           736.65797             0.97921            -0.34067             0.00000             0.00000             1.09867            -0.59867
           739.48583             0.97996            -0.34113             0.00000             0.00000             1.09982            -0.59982
           742.31369             0.98071            -0.34160             0.00000             0.00000             1.10097            -0.60097
           745.14155             0.98146            -0.34206             0.00000             0.00000             1.10211            -0.60211
           747.96942             0.98220            -0.34253             0.00000             0.00000             1.10325            -0.60325
           750.79728             0.98295            -0.34299             0.00000             0.00000             1.10439            -0.60439
           753.62514             0.98369            -0.34345             0.00000             0.00000             1.10553            -0.60553
           756.45300             0.98443            -0.34391             0.00000             0.00000             1.10666            -0.60666
           759.28086             0.98517            -0.34437             0.00000             0.00000             1.10780            -0.60780
           762.10872             0.98591            -0.34482             0.00000             0.00000             1.10893            -0.60893
           764.93659             0.98664            -0.34528             0.00000             0.00000             1.11006            -0.61006
           767.76445             0.98737            -0.34573             0.00000             0.00000             1.11118            -0.61118
           770.59231             0.98811            -0.34619             0.00000             0.00000             1.11231            -0.61231
           773.42017             0.98884            -0.34664             0.00000             0.00000             1.11343            -0.61343
           776.24803             0.98956            -0.34709             0.00000             0.00000             1.11455            -0.61455
           779.07589             0.99029            -0.34754             0.00000             0.00000             1.11567            -0.61567
           781.90376             0.99102            -0.34799             0.00000             0.00000             1.11679            -0.61679
           784.73162             0.99174            -0.34844             0.00000             0.00000             1.11790            -0.61790
           787.55948             0.99246            -0.34888             0.00000             0.00000             1.11901            -0.61901
           790.38734             0.99318            -0.34933             0.00000             0.00000             1.12012            -0.62012
           793.21520             0.99390            -0.34978             0.00000             0.00000             1.12123            -0.62123
           796.04306             0.99461            -0.35022             0.00000             0.00000             1.12234            -0.62234
           798.87093             0.99533            -0.35066             0.00000             0.00000             1.12344            -0.62344
           801.69879             0.99604            -0.35110             0.00000             0.00000             1.12454            -0.62454
           804.52665             0.99675            -0.35154             0.00000             0.00000             1.12564            -0.62564
           807.35451             0.99746            -0.35198             0.00000             0.00000             1.12674            -0.62674
           810.18237             0.99817            -0.35242             0.00000             0.00000             1.12784            -0.62784
           813.01023             0.99888            -0.35286             0.00000             0.00000             1.12893            -0.62893
           815.83810             0.99958            -0.35330             0.00000             0.00000             1.13003            -0.63003
           818.66596             1.00029            -0.35373             0.00000             0.00000             1.13112            -0.63112
           821.49382             1.00099            -0.35417             0.00000             0.00000             1.13221            -0.63221
           824.32168             1.00169            -0.35460             0.00000             0.00000             1.13329            -0.63329
           827.14954             1.00239            -0.35503             0.00000             0.00000             1.13438            -0.63438
           829.97740             1.00309            -0.35546             0.00000             0.00000             1.13546            -0.63546
           832.80527             1.00378            -0.35589             0.00000             0.00000             1.13655            -0.63655
           835.63313             1.00448            -0.35632             0.00000             0.00000             1.13763            -0.63763
           838.46099             1.00517            -0.35675             0.00000             0.00000             1.13870            -0.63870
           841.28885             1.00586            -0.35718             0.00000             0.00000             1.13978            -0.63978
           844.11671             1.00655            -0.35760             0.00000             0.00000             1.14085            -0.64085
           846.94458             1.00724            -0.35803             0.00000             0.00000             1.14193            -0.64193
           849.77244             1.00793            -0.35845             0.00000             0.00000             1.14300            -0.64300
           852.60030             1.00861            -0.35888             0.00000             0.00000             1.14407            -0.64407
           855.42816             1.00930            -0.35930             0.00000             0.00000             1.14513            -0.64513
           858.25602             1.00998            -0.35972             0.00000             0.00000             1.14620            -0.64620
           861.08388             1.01066            -0.36014             0.00000             0.00000             1.14726            -0.64726
           863.91175             1.01134            -0.36056             0.00000             0.00000             1.14832            -0.64832
           866.73961             1.01202            -0.36098             0.00000             0.00000             1.14938            -0.64938
           869.56747             1.01270            -0.36140             0.00000             0.00000             1.15044            -0.65044
           872.39533             1.01337            -0.36182             0.00000             0.00000             1.15150            -0.65150
           875.22319             1.01405            -0.36223             0.00000             0.00000             1.15255            -0.65255
           878.05105             1.01472            -0.36265             0.00000             0.00000             1.15361            -0.65361
           880.87892             1.01539            -0.36306             0.00000             0.00000             1.15466            -0.65466
           883.70678             1.01606            -0.36348             0.00000             0.00000             1.15571            -0.65571
           886.53464             1.01673            -0.36389             0.00000             0.00000             1.15676            -0.65676
           889.36250             1.01740            -0.36430             0.00000             0.00000             1.15780            -0.65780
           892.19036             1.01806            -0.36471             0.00000             0.00000             1.15885            -0.65885
           895.01822             1.01873            -0.36512             0.00000             0.00000             1.15989            -0.65989
           897.84609             1.01939            -0.36553             0.00000             0.00000             1.16093            -0.66093
           900.67395             1.02005            -0.36594             0.00000             0.00000             1.16197            -0.66197
           903.50181             1.02071            -0.36634             0.00000             0.00000             1.16301            -0.66301
           906.32967             1.02137            -0.36675             0.00000             0.00000             1.16405            -0.66405
           909.15753             1.02203            -0.36716             0.00000             0.00000             1.16508            -0.66509
           911.98539             1.02269            -0.36756             0.00000             0.00000             1.16612            -0.66612
           914.81326             1.02334            -0.36797             0.00000             0.00000             1.16715            -0.66715
           917.64112             1.02399            -0.36837             0.00000             0.00000             1.16818            -0.66818
           920.46898             1.02465            -0.36877             0.00000             0.00000             1.16921            -0.66921
           923.29684             1.02530            -0.36917             0.00000             0.00000             1.17024            -0.67024
           926.12470             1.02595            -0.36957             0.00000             0.00000             1.17126            -0.67126
           928.95256             1.02660            -0.36997             0.00000             0.00000             1.17229            -0.67229
           931.78043             1.02724            -0.37037             0.00000             0.00000             1.17331            -0.67331
           934.60829             1.02789            -0.37077             0.00000             0.00000             1.17433            -0.67433
           937.43615             1.02854            -0.37117             0.00000             0.00000             1.17535            -0.67535
           940.26401             1.02918            -0.37156             0.00000             0.00000             1.17637            -0.67637
           943.09187             1.02982            -0.37196             0.00000             0.00000             1.17738            -0.67738
           945.91973             1.03046            -0.37235             0.00000             0.00000             1.17840            -0.67840
           948.74760             1.03110            -0.37275             0.00000             0.00000             1.17941            -0.67941
           951.57546             1.03174            -0.37314             0.00000             0.00000             1.18042            -0.68042
           954.40332             1.03238            -0.37353             0.00000             0.00000             1.18143            -0.68143
           957.23118             1.03302            -0.37392             0.00000             0.00000             1.18244            -0.68244
           960.05904             1.03365            -0.37431             0.00000             0.00000             1.18345            -0.68345
           962.88690             1.03429            -0.37470             0.00000             0.00000             1.18446            -0.68446
           965.71477             1.03492            -0.37509             0.00000             0.00000             1.18546            -0.68546
           968.54263             1.03555            -0.37548             0.00000             0.00000             1.18646            -0.68646
           971.37049             1.03618            -0.37587             0.00000             0.00000             1.18746            -0.68746
           974.19835             1.03681            -0.37626             0.00000             0.00000             1.18846            -0.68846
           977.02621             1.03744            -0.37664             0.00000             0.00000             1.18946            -0.68946
           979.85407             1.03806            -0.37703             0.00000             0.00000             1.19046            -0.69046
           982.68194             1.03869            -0.37741             0.00000             0.00000             1.19146            -0.69146
           985.50980             1.03931            -0.37780             0.00000             0.00000             1.19245            -0.69245
           988.33766             1.03994            -0.37818             0.00000             0.00000             1.19344            -0.69344
           991.16552             1.04056            -0.37856             0.00000             0.00000             1.19443            -0.69443
           993.99338             1.04118            -0.37894             0.00000             0.00000             1.19542            -0.69542
           996.82124             1.04180            -0.37933             0.00000             0.00000             1.19641            -0.69641
           999.64911             1.04242            -0.37971             0.00000             0.00000             1.19740            -0.69740
          1002.47697             1.04304            -0.38008             0.00000             0.00000             1.19838            -0.69838
          1005.30483             1.04365            -0.38046             0.00000             0.00000             1.19937            -0.69937
          1008.13269             1.04427            -0.38084             0.00000             0.00000             1.20035            -0.70035
          1010.96055             1.04488            -0.38122             0.00000             0.00000             1.20133            -0.70133
          1013.78841             1.04550            -0.38160             0.00000             0.00000             1.20231            -0.70231
          1016.61628             1.04611            -0.38197             0.00000             0.00000             1.20329            -0.70329
          1019.44414             1.04672            -0.38235             0.00000             0.00000             1.20427            -0.70427
          1022.27200             1.04733            -0.38272             0.00000             0.00000             1.20525            -0.70525
          1025.09986             1.04794            -0.38310             0.00000             0.00000             1.20622            -0.70622
          1027.92772             1.04855            -0.38347             0.00000             0.00000             1.20719            -0.70719
          1030.75558             1.04915            -0.38384             0.00000             0.00000             1.20817            -0.70817
          1033.58345             1.04976            -0.38421             0.00000             0.00000             1.20914            -0.70914
          1036.41131             1.05036            -0.38458             0.00000             0.00000             1.21011            -0.71011
          1039.23917             1.05097            -0.38495             0.00000             0.00000             1.21107            -0.71107
          1042.06703             1.05157            -0.38532             0.00000             0.00000             1.21204            -0.71204
          1044.89489             1.05217            -0.38569             0.00000             0.00000             1.21301            -0.71301
          1047.72275             1.05277            -0.38606             0.00000             0.00000             1.21397            -0.71397
          1050.55062             1.05337            -0.38643             0.00000             0.00000             1.21493            -0.71493
          1053.37848             1.05397            -0.38680             0.00000             0.00000             1.21590            -0.71590
          1056.20634             1.05457            -0.38716             0.00000             0.00000             1.21686            -0.71686
          1059.03420             1.05516            -0.38753             0.00000             0.00000             1.21782            -0.71782
          1061.86206             1.05576            -0.38789             0.00000             0.00000             1.21877            -0.71877
          1064.68992             1.05635            -0.38826             0.00000             0.00000             1.21973            -0.71973
          1067.51779             1.05695            -0.38862             0.00000             0.00000             1.22068            -0.72068
          1070.34565             1.05754            -0.38898             0.00000             0.00000             1.22164            -0.72164
          1073.17351             1.05813            -0.38935             0.00000             0.00000             1.22259            -0.72259
          1076.00137             1.05872            -0.38971             0.00000             0.00000             1.22354            -0.72354
          1078.82923             1.05931            -0.39007             0.00000             0.00000             1.22449            -0.72449
          1081.65710             1.05990            -0.39043             0.00000             0.00000             1.22544            -0.72544
          1084.48496             1.06048            -0.39079             0.00000             0.00000             1.22639            -0.72639
          1087.31282             1.06107            -0.39115             0.00000             0.00000             1.22734            -0.72734
          1090.14068             1.06166            -0.39151             0.00000             0.00000             1.22828            -0.72828
          1092.96854             1.06224            -0.39186             0.00000             0.00000             1.22922            -0.72922
          1095.79640             1.06282            -0.39222             0.00000             0.00000             1.23017            -0.73017
          1098.62427             1.06341            -0.39258             0.00000             0.00000             1.23111            -0.73111
          1101.45213             1.06399            -0.39293             0.00000             0.00000             1.23205            -0.73205
          1104.27999             1.06457            -0.39329             0.00000             0.00000             1.23299            -0.73299
          1107.10785             1.06515            -0.39364             0.00000             0.00000             1.23393            -0.73393
          1109.93571             1.06572            -0.39400             0.00000             0.00000             1.23486            -0.73486
          1112.76357             1.06630            -0.39435             0.00000             0.00000             1.23580            -0.73580
          1115.59144             1.06688            -0.39471             0.00000             0.00000             1.23673            -0.73673
          1118.41930             1.06745            -0.39506             0.00000             0.00000             1.23767            -0.73767
          1121.24716             1.06803            -0.39541             0.00000             0.00000             1.23860            -0.73860
          1124.07502             1.06860            -0.39576             0.00000             0.00000             1.23953            -0.73953
          1126.90288             1.06918            -0.39611             0.00000             0.00000             1.24046            -0.74046
          1129.73074             1.06975            -0.39646             0.00000             0.00000             1.24139            -0.74139
          1132.55861             1.07032            -0.39681             0.00000             0.00000             1.24231            -0.74231
          1135.38647             1.07089            -0.39716             0.00000             0.00000             1.24324            -0.74324
          1138.21433             1.07146            -0.39751             0.00000             0.00000             1.24417            -0.74417
          1141.04219             1.07203            -0.39786             0.00000             0.00000             1.24509            -0.74509
          1143.87005             1.07259            -0.39820             0.00000             0.00000             1.24601            -0.74601
          1146.69791             1.07316            -0.39855             0.00000             0.00000             1.24693            -0.74693
          1149.52578             1.07372            -0.39890             0.00000             0.00000             1.24785            -0.74785
          1152.35364             1.07429            -0.39924             0.00000             0.00000             1.24877            -0.74877
          1155.18150             1.07485            -0.39959             0.00000             0.00000             1.24969            -0.74969
          1158.00936             1.07542            -0.39993             0.00000             0.00000             1.25061            -0.75061
          1160.83722             1.07598            -0.40027             0.00000             0.00000             1.25152            -0.75152
          1163.66508             1.07654            -0.40062             0.00000             0.00000             1.25244            -0.75244
          1166.49295             1.07710            -0.40096             0.00000             0.00000             1.25335            -0.75335
          1169.32081             1.07766            -0.40130             0.00000             0.00000             1.25427            -0.75427
          1172.14867             1.07822            -0.40164             0.00000             0.00000             1.25518            -0.75518
          1174.97653             1.07877            -0.40198             0.00000             0.00000             1.25609            -0.75609
          1177.80439             1.07933            -0.40232             0.00000             0.00000             1.25700            -0.75700
          1180.63225             1.07989            -0.40266             0.00000             0.00000             1.25791            -0.75791
          1183.46012             1.08044            -0.40300             0.00000             0.00000             1.25881            -0.75881
          1186.28798             1.08100            -0.40334             0.00000             0.00000             1.25972            -0.75972
          1189.11584             1.08155            -0.40368             0.00000             0.00000             1.26062            -0.76062
          1191.94370             1.08210            -0.40402             0.00000             0.00000             1.26153            -0.76153
          1194.77156             1.08265            -0.40435             0.00000             0.00000             1.26243            -0.76243
          1197.59942             1.08320            -0.40469             0.00000             0.00000             1.26333            -0.76333
          1200.42729             1.08375            -0.40503             0.00000             0.00000             1.26423            -0.76423
          1203.25515             1.08430            -0.40536             0.00000             0.00000             1.26513            -0.76513
          1206.08301             1.08485            -0.40570             0.00000             0.00000             1.26603            -0.76603
          1208.91087             1.08540            -0.40603             0.00000             0.00000             1.26693            -0.76693
          1211.73873             1.08594            -0.40636             0.00000             0.00000             1.26782            -0.76782
          1214.56659             1.08649            -0.40670             0.00000             0.00000             1.26872            -0.76872
          1217.39446             1.08704            -0.40703             0.00000             0.00000             1.26961            -0.76961
          1220.22232             1.08758            -0.40736             0.00000             0.00000             1.27051            -0.77051
          1223.05018             1.08812            -0.40769             0.00000             0.00000             1.27140            -0.77140
          1225.87804             1.08867            -0.40802             0.00000             0.00000             1.27229            -0.77229
          1228.70590             1.08921            -0.40835             0.00000             0.00000             1.27318            -0.77318
          1231.53376             1.08975            -0.40869             0.00000             0.00000             1.27407            -0.77407
          1234.36163             1.09029            -0.40901             0.00000             0.00000             1.27496            -0.77496
          1237.18949             1.09083            -0.40934             0.00000             0.00000             1.27585            -0.77585
          1240.01735             1.09137            -0.40967             0.00000             0.00000             1.27673            -0.77673
          1242.84521             1.09190            -0.41000             0.00000             0.00000             1.27762            -0.77762
          1245.67307             1.09244            -0.41033             0.00000             0.00000             1.27850            -0.77850
          1248.50093             1.09298            -0.41066             0.00000             0.00000             1.27938            -0.77938
          1251.32880             1.09351            -0.41098             0.00000             0.00000             1.28027            -0.78027
          1254.15666             1.09405            -0.41131             0.00000             0.00000             1.28115            -0.78115
          1256.98452             1.09458            -0.41163             0.00000             0.00000             1.28203            -0.78203
          1259.81238             1.09511            -0.41196             0.00000             0.00000             1.28291            -0.78291
          1262.64024             1.09564            -0.41228             0.00000             0.00000             1.28379            -0.78379
          1265.46810             1.09618            -0.41261             0.00000             0.00000             1.28466            -0.78466
          1268.29597             1.09671            -0.41293             0.00000             0.00000             1.28554            -0.78554
          1271.12383             1.09724            -0.41325             0.00000             0.00000             1.28641            -0.78641
          1273.95169             1.09777            -0.41358             0.00000             0.00000             1.28729            -0.78729
          1276.77955             1.09829            -0.41390             0.00000             0.00000             1.28816            -0.78816
          1279.60741             1.09882            -0.41422             0.00000             0.00000             1.28903            -0.78903
          1282.43527             1.09935            -0.41454             0.00000             0.00000             1.28991            -0.78991
          1285.26314             1.09987            -0.41486             0.00000             0.00000             1.29078            -0.79078
          1288.09100             1.10040            -0.41518             0.00000             0.00000             1.29165            -0.79165
          1290.91886             1.10092            -0.41550             0.00000             0.00000             1.29251            -0.79251
          1293.74672             1.10145            -0.41582             0.00000             0.00000             1.29338            -0.79338
          1296.57458             1.10197            -0.41614             0.00000             0.00000             1.29425            -0.79425
          1299.40244             1.10249            -0.41646             0.00000             0.00000             1.29511            -0.79511
          1302.23031             1.10302            -0.41678             0.00000             0.00000             1.29598            -0.79598
          1305.05817             1.10354            -0.41709             0.00000             0.00000             1.29684            -0.79684
          1307.88603             1.10406            -0.41741             0.00000             0.00000             1.29771            -0.79771
          1310.71389             1.10458            -0.41773             0.00000             0.00000             1.29857            -0.79857
          1313.54175             1.10510            -0.41804             0.00000             0.00000             1.29943            -0.79943
          1316.36962             1.10561            -0.41836             0.00000             0.00000             1.30029            -0.80029
          1319.19748             1.10613            -0.41867             0.00000             0.00000             1.30115            -0.80115
          1322.02534             1.10665            -0.41899             0.00000             0.00000             1.30201            -0.80201
          1324.85320             1.10716            -0.41930             0.00000             0.00000             1.30286            -0.80286
          1327.68106             1.10768            -0.41962             0.00000             0.00000             1.30372            -0.80372
          1330.50892             1.10819            -0.41993             0.00000             0.00000             1.30457            -0.80457
          1333.33679             1.10871            -0.42024             0.00000             0.00000             1.30543            -0.80543
          1336.16465             1.10922            -0.42055             0.00000             0.00000             1.30628            -0.80628
          1338.99251             1.10973            -0.42087             0.00000             0.00000             1.30714            -0.80714
          1341.82037             1.11024            -0.42118             0.00000             0.00000             1.30799            -0.80799
          1344.64823             1.11075            -0.42149             0.00000             0.00000             1.30884            -0.80884
          1347.47609             1.11126            -0.42180             0.00000             0.00000             1.30969            -0.80969
          1350.30396             1.11177            -0.42211             0.00000             0.00000             1.31054            -0.81054
          1353.13182             1.11228            -0.42242             0.00000             0.00000             1.31139            -0.81139
          1355.95968             1.11279            -0.42273             0.00000             0.00000             1.31223            -0.81223
          1358.78754             1.11330            -0.42304             0.00000             0.00000             1.31308            -0.81308
          1361.61540             1.11381            -0.42335             0.00000             0.00000             1.31393            -0.81393
          1364.44326             1.11431            -0.42365             0.00000             0.00000             1.31477            -0.81477
          1367.27113             1.11482            -0.42396             0.00000             0.00000             1.31561            -0.81561
          1370.09899             1.11532            -0.42427             0.00000             0.00000             1.31646            -0.81646
          1372.92685             1.11583            -0.42458             0.00000             0.00000             1.31730            -0.81730
          1375.75471             1.11633            -0.42488             0.00000             0.00000             1.31814            -0.81814
          1378.58257             1.11683            -0.42519             0.00000             0.00000             1.31898            -0.81898
          1381.41043             1.11733            -0.42549             0.00000             0.00000             1.31982            -0.81982
          1384.23830             1.11784            -0.42580             0.00000             0.00000             1.32066            -0.82066
          1387.06616             1.11834            -0.42610             0.00000             0.00000             1.32150            -0.82150
          1389.89402             1.11884            -0.42641             0.00000             0.00000             1.32233            -0.82233
          1392.72188             1.11934            -0.42671             0.00000             0.00000             1.32317            -0.82317
          1395.54974             1.11983            -0.42701             0.00000             0.00000             1.32401            -0.82401
          1398.37760             1.12033            -0.42732             0.00000             0.00000             1.32484            -0.82484
          1401.20547             1.12083            -0.42762             0.00000             0.00000             1.32567            -0.82567
          1404.03333             1.12133            -0.42792             0.00000             0.00000             1.32651            -0.82651
          1406.86119             1.12182            -0.42822             0.00000             0.00000             1.32734            -0.82734
          1409.68905             1.12232            -0.42852             0.00000             0.00000             1.32817            -0.82817
          1412.51691             1.12281            -0.42883             0.00000             0.00000             1.32900            -0.82900
