        nu_e/omega_T             omega_r             omega_i            omega1_r            omega1_i            omega2_r            omega2_i            omega3_r            omega3_i
   1.4139307762178515        1.1209742590879368       -3.6400013587096360E-002   8.6490769003456050E-002   2.2111031549769303E-002 -0.40549718525374218       -1.8554640633031760E-002
   4.2417924629697703        1.1487411928882691       -6.0592208190327561E-002   6.8748554065450690E-002   3.5261308383340399E-002 -0.42755001578245316       -1.5187562674814577E-002
   7.0696541497216900        1.1675799510077984       -7.6229266595300132E-002   5.6699910277413335E-002   4.2991612990093013E-002 -0.44243110725758927       -1.3343256527770121E-002
   9.8975158364736089        1.1827043505960941       -8.8398120284245915E-002   4.6994475717495474E-002   4.8550729842933682E-002 -0.45434386553868156       -1.2090320154441517E-002
   12.725377523225529        1.1956394686232914       -9.8563592673225273E-002   3.8652799396860345E-002   5.2874005360098432E-002 -0.46451347652989916       -1.1166434640025832E-002
   15.553239209977448        1.2070862475305029      -0.10739020422861341        3.1226316004315809E-002   5.6386248439644529E-002 -0.47350148783580798       -1.0454946091195674E-002
   18.381100896729368        1.2174364583268547      -0.11524505063197420        2.4465996501829981E-002   5.9322417998831645E-002 -0.48162101585959921       -9.8926251800607792E-003
   21.208962583481284        1.2269355434029421      -0.12235566466070115        1.8217337493563426E-002   6.1828153409373407E-002 -0.48906781780127145       -9.4409953366531105E-003
   24.036824270233204        1.2357493645191457      -0.12887428697381817        1.2377194447736804E-002   6.4000691569864029E-002 -0.49597393420147334       -9.0747692761911445E-003
   26.864685956985124        1.2439962441335826      -0.13490852189572641        6.8729940090399913E-003   6.5908413285103815E-002 -0.50243340263144876       -8.7763842259154113E-003
   29.692547643737043        1.2517641042773509      -0.14053763545466541        1.6515844843757177E-003   6.7601274946595805E-002 -0.50851599371001122       -8.5331229617177408E-003
   32.520409330488960        1.2591203918402014      -0.14582193862474901       -3.3272291085581149E-003   6.9116851166485319E-002 -0.51427515587866379       -8.3354711896238259E-003
   35.348271017240883        1.2661181880233552      -0.15080853064440206       -8.0946603142448906E-003   7.0484062436249773E-002 -0.51975290003654384       -8.1761210750563636E-003
   38.176132703992799        1.2728001557307242      -0.15553498969856791       -1.2675499640942060E-002   7.1725591275475259E-002 -0.52498295206873546       -8.0493365594131068E-003
   41.003994390744722        1.2792011927538567      -0.16003184053971442       -1.7089822199460179E-002   7.2859511264003321E-002 -0.52999286955241776       -7.9505327240315341E-003
   43.831856077496639        1.2853502745852583      -0.16432425970544545       -2.1354162148837945E-002   7.3900420855753698E-002 -0.53480551048569602       -7.8759876442859190E-003
   46.659717764248562        1.2912717703767074      -0.16843328722246984       -2.5482341134712198E-002   7.4860253270363733E-002 -0.53944008111748620       -7.8226394065346663E-003
   49.487579451000478        1.2969864052652982      -0.17237670846097666       -2.9486065609527847E-002   7.5748867575897980E-002 -0.54391290150669924       -7.7879396492055971E-003
   52.315441137752394        1.3025119787366224      -0.17616970937340287       -3.3375365947970831E-002   7.6574487953409848E-002 -0.54823797650969541       -7.7697456684959814E-003
   55.143302824504318        1.3078639106223882      -0.17982537226930448       -3.7158924945782691E-002   7.7344035231595970E-002 -0.55242742940699396       -7.7662394739344172E-003
   57.971164511256234        1.3130556627424239      -0.18335505699544963       -4.0844327510568761E-002   7.8063380508566038E-002 -0.55649183650454348       -7.7758660778628622E-003
   60.799026198008157        1.3180990691515668      -0.18676869821825626       -4.4438253249840173E-002   7.8737541498672792E-002 -0.56044048900961541       -7.7972857703192400E-003
   63.626887884760073        1.3230045980976981      -0.19007504025482255       -4.7946627039965717E-002   7.9370836174603637E-002 -0.56428160060592247       -7.8293367334995381E-003
   66.454749571511996        1.3277815621942699      -0.19328182471905811       -5.1374738231340006E-002   7.9967004168050790E-002 -0.56802247387883242       -7.8710054153375217E-003
   69.282611258263913        1.3324382887939892      -0.19639594203495089       -5.4727336130140858E-002   8.0529303555293183E-002 -0.57166963513632441       -7.9214028047306182E-003
   72.110472945015829        1.3369822594028924      -0.19942355494075595       -5.8008707311334229E-002   8.1060588659312829E-002 -0.57522894466049890       -7.9797452508272599E-003
   74.938334631767745        1.3414202247434144      -0.20237020003868117       -6.1222738853539474E-002   8.1563373075726642E-002 -0.57870568764605379       -8.0453388202974246E-003
   77.766196318519675        1.3457583004699132      -0.20524087195985302       -6.4372970544857369E-002   8.2039881098846634E-002 -0.58210464980309540       -8.1175664375167170E-003
   80.594058005271592        1.3500020473686745      -0.20804009363382672       -6.7462638358507465E-002   8.2492089968846355E-002 -0.58543018066875152       -8.1958772343594076E-003
   83.421919692023508        1.3541565390085630      -0.21077197535541131       -7.0494710950331579E-002   8.2921764801581421E-002 -0.58868624698285499       -8.2797776696515654E-003
   86.249781378775424        1.3582264191607867      -0.21344026474742506       -7.3471920527240372E-002   8.3330487644159970E-002 -0.59187647796767695       -8.3688240773109566E-003
   89.077643065527340        1.3622159508165004      -0.21604838926990991       -7.6396789135580845E-002   8.3719681783516603E-002 -0.59500420396228526       -8.4626163765044501E-003
   91.905504752279271        1.3661290582568191      -0.21859949258493738       -7.9271651192632769E-002   8.4090632194847442E-002 -0.59807248956472736       -8.5607927334773078E-003
   94.733366439031187        1.3699693633413437      -0.22109646582356920       -8.2098672912989501E-002   8.4444502832356202E-002 -0.60108416220608762       -8.6630250078284978E-003
   97.561228125783103        1.3737402169568458      -0.22354197459780401       -8.4879869150146878E-002   8.4782351322274893E-002 -0.60404183690226265       -8.7690148493042887E-003
   100.38908981253502        1.3774447263917715      -0.22593848244095074       -8.7617118072010780E-002   8.5105141507254720E-002 -0.60694793778960232       -8.8784903370985706E-003
   103.21695149928695        1.3810857792630984      -0.22828827123421680       -9.0312174009806637E-002   8.5413754204404418E-002 -0.60980471694021599       -8.9912030740000280E-003
   106.04481318603887        1.3846660645113327      -0.23059345907750819       -9.2966678757587698E-002   8.5708996470838697E-002 -0.61261427086492581       -9.1069256637894488E-003
   108.87267487279078        1.3881880908906830      -0.23285601598265698       -9.5582171550231992E-002   8.5991609616369979E-002 -0.61537855504149930       -9.2254495130943293E-003
   111.70053655954270        1.3916542033098713      -0.23507777770309757       -9.8160097908456811E-002   8.6262276159747256E-002 -0.61809939674908210       -9.3465829091437976E-003
   114.52839824629461        1.3950665973209340      -0.23726045796203843      -0.10070181750777624        8.6521625890204137E-002 -0.62077850644374377       -9.4701493331291985E-003
   117.35625993304654        1.3984273320059628      -0.23940565929885976      -0.10320861120275583        8.6770241168161913E-002 -0.62341748787251927       -9.5959859755587046E-003
   120.18412161979846        1.4017383414728555      -0.24151488271883212      -0.10568168731711262        8.7008661576341698E-002 -0.62601784709255182       -9.7239424254482853E-003
   123.01198330655038        1.4050014451390516      -0.24358953630274621      -0.10812218729317610        8.7237388014152428E-002 -0.62858100053657195       -9.8538795096552688E-003
   125.83984499330229        1.4082183569556594      -0.24563094290947898      -0.11053119078018725        8.7456886313200047E-002 -0.63110828224492455       -9.9856682623318694E-003
   128.66770668005421        1.4113906937022387      -0.24764034708493715      -0.11290972022930396        8.7667590439429940E-002 -0.63360095036685882       -1.0119189007515166E-002
   131.49556836680614        1.4145199824640300      -0.24961892127450283      -0.11525874505350908        8.7869905337248505E-002 -0.63606019301920302       -1.0254330540394485E-002
   134.32343005355804        1.4176076673878326      -0.25156777142239389      -0.11757918540252681        8.8064209462553764E-002 -0.63848713357821918       -1.0390989394892755E-002
   137.15129174030997        1.4206551157997045      -0.25348794202986452      -0.11987191559606124        8.8250857044607708E-002 -0.64088283547016245       -1.0529069186976128E-002
   139.97915342706190        1.4236636237565041      -0.25538042073442963      -0.12213776725292776        8.8430180110854170E-002 -0.64324830651725007       -1.0668480024566244E-002
   142.80701511381380        1.4266344210939381      -0.25724614246406885      -0.12437753214879059        8.8602490303894124E-002 -0.64558450288837466       -1.0809137976195734E-002
   145.63487680056573        1.4295686760257174      -0.25908599321334297      -0.12659196483106799        8.8768080515726613E-002 -0.64789233269752300       -1.0950964591600011E-002
   148.46273848731764        1.4324674993415836      -0.26090081348239291      -0.12878178501604476        8.8927226360901723E-002 -0.65017265928748491       -1.1093886468329775E-002
   151.29060017406957        1.4353319482460802      -0.26269140141464681      -0.13094767979017635        8.9080187507301151E-002 -0.65242630423177650       -1.1237834859250307E-002
   154.11846186082150        1.4381630298748651      -0.26445851566468398      -0.13309030563497939        8.9227208880777467E-002 -0.65465405008371402       -1.1382745316428208E-002
   156.94632354757340        1.4409617045210117      -0.26620287802389708      -0.13521029029262893        8.9368521757762290E-002 -0.65685664289814316       -1.1528557367489903E-002
   159.77418523432533        1.4437288885999426      -0.26792517582833575      -0.13730823448744031        8.9504344758150611E-002 -0.65903479454832448       -1.1675214220996303E-002
   162.60204692107726        1.4464654573783684      -0.26962606417027107      -0.13938471351671439        8.9634884749214772E-002 -0.66118918485792333       -1.1822662497815066E-002
   165.42990860782916        1.4491722474897479      -0.27130616793255496      -0.14144027872293630        8.9760337669974460E-002 -0.66332046356576602       -1.1970851985816674E-002
   168.25777029458109        1.4518500592562824      -0.27296608366271807      -0.14347545885803956        8.9880889284302490E-002 -0.66542925213909720       -1.2119735415540695E-002
   171.08563198133299        1.4544996588352930      -0.27460638130186038      -0.14549076134930111        8.9996715870056421E-002 -0.66751614544933480       -1.2269268254747001E-002
   173.91349366808493        1.4571217802059089      -0.27622760578176597      -0.14748667347544436        9.0107984850669703E-002 -0.66958171332282956       -1.2419408520002796E-002
   176.74135535483686        1.4597171270103173      -0.27783027850222441      -0.14946366346064738        9.0214855374890587E-002 -0.67162650197780449       -1.2570116603663913E-002
   179.56921704158876        1.4622863742623542      -0.27941489869929331      -0.15142218149338427        9.0317478849715180E-002 -0.67365103535750626       -1.2721355114788226E-002
   182.39707872834069        1.4648301699349016      -0.28098194471410765      -0.15336266067633628        9.0415999430989477E-002 -0.67565581636855332       -1.2873088732676031E-002
   185.22494041509259        1.4673491364364228      -0.28253187517087708      -0.15528551791300721        9.0510554475667776E-002 -0.67764132803257671       -1.3025284071875389E-002
   188.05280210184452        1.4698438719859104      -0.28406513007182971      -0.15719115473613868        9.0601274959281233E-002 -0.67960803455844310       -1.3177909557607306E-002
   190.88066378859645        1.4723149518946630      -0.28558213181610387      -0.15907995808253581        9.0688285861789106E-002 -0.68155638234162885       -1.3330935310677377E-002
   193.70852547534835        1.4747629297624598      -0.28708328614889622      -0.16095230101849048        9.0771706524654355E-002 -0.68348680089669389       -1.3484333041037031E-002
   196.53638716210028        1.4771883385950042      -0.28856898304657769      -0.16280854341960638        9.0851650981689222E-002 -0.68539970372823666       -1.3638075949235539E-002
   199.36424884885218        1.4795916918488652      -0.29003959754293607      -0.16464903260848238        9.0928228265957561E-002 -0.68729548914519611       -1.3792138635088731E-002
   202.19211053560412        1.4819734844095647      -0.29149549050123175      -0.16647410395340934        9.1001542694790410E-002 -0.68917454102294062       -1.3946497012946918E-002
   205.01997222235605        1.4843341935079590      -0.29293700933631539      -0.16828408143095747        9.1071694134767650E-002 -0.69103722951715474       -1.4101128233011476E-002
   207.84783390910795        1.4866742795795829      -0.29436448869067039      -0.17007927815508078        9.1138778248337521E-002 -0.69288391173320141       -1.4256010608198245E-002
   210.67569559585988        1.4889941870712393      -0.29577825106789757      -0.17185999687514483        9.1202886723585161E-002 -0.69471493235428494       -1.4411123546095682E-002
   213.50355728261178        1.4912943451987124      -0.29717860742684832      -0.17362653044507917        9.1264107488516572E-002 -0.69653062423147027       -1.4566447485602858E-002
   216.33141896936371        1.4935751686591825      -0.29856585773933131      -0.17537916226567457        9.1322524911097519E-002 -0.69833130893834705       -1.4721963837880343E-002
   219.15928065611564        1.4958370583015843      -0.29994029151406487      -0.17711816670188210        9.1378219986174528E-002 -0.70011729729287564       -1.4877654931266322E-002
   221.98714234286754        1.4980804017579099      -0.30130218828932009      -0.17884380947681386        9.1431270510293469E-002 -0.70188888984876341       -1.5033503959857877E-002
   224.81500402961947        1.5003055740381817      -0.30265181809649849      -0.18055634804401891        9.1481751245354612E-002 -0.70364637735849933       -1.5189494935467446E-002
   227.64286571637138        1.5025129380916162      -0.30398944189669147      -0.18225603193947820        9.1529734071944424E-002 -0.70539004121002291       -1.5345612642701614E-002
   230.47072740312331        1.5047028453362963      -0.30531531199211270      -0.18394310311465184        9.1575288133120422E-002 -0.70712015383883087       -1.5501842596929783E-002
   233.29858908987524        1.5068756361594664      -0.30662967241413169      -0.18561779625180624        9.1618479969355154E-002 -0.70883697911718235       -1.5658171004922877E-002
   236.12645077662714        1.5090316403904240      -0.30793275928950548      -0.18728033906276470        9.1659373645285397E-002 -0.71054077272193539       -1.5814584727967724E-002
   238.95431246337907        1.5111711777478070      -0.30922480118627416      -0.18893095257212475        9.1698030868855154E-002 -0.71223178248243080       -1.5971071247280384E-002
   241.78217415013100        1.5132945582629460      -0.31050601944067469      -0.19056985138592492        9.1734511103399613E-002 -0.71391024870971953       -1.6127618631545642E-002
   244.61003583688290        1.5154020826808348      -0.31177662846631732      -0.19219724394665458        9.1768871673160640E-002 -0.71557640450834459       -1.6284215506441446E-002
   247.43789752363483        1.5174940428401225      -0.31303683604678567      -0.19381333277545171        9.1801167862697416E-002 -0.71723047607178558       -1.6440851025997509E-002
   250.26575921038673        1.5195707220334720      -0.31428684361271625      -0.19541831470226020        9.1831453010607550E-002 -0.71887268296260110       -1.6597514845668890E-002
   253.09362089713866        1.5216323953494977      -0.31552684650435292      -0.19701238108467031        9.1859778597946209E-002 -0.72050323837822183       -1.6754197097003768E-002
   255.92148258389059        1.5236793299974016      -0.31675703422048157      -0.19859571801611409        9.1886194331701615E-002 -0.72212234940327691       -1.6910888363792228E-002
   258.74934427064250        1.5257117856153977      -0.31797759065459902      -0.20016850652404050        9.1910748223652805E-002 -0.72373021724928066       -1.7067579659603597E-002
   261.57720595739443        1.5277300145638602      -0.31918869431909541      -0.20173092275865187        9.1933486664914327E-002 -0.72532703748244010       -1.7224262406613552E-002
   264.40506764414636        1.5297342622041359      -0.32039051855818285      -0.20328313817274288        9.1954454496448138E-002 -0.72691300024028938       -1.7380928415636616E-002
   267.23292933089823        1.5317247671638579      -0.32158323175024828      -0.20482531969315004        9.1973695075801040E-002 -0.72848829043781904       -1.7537569867289042E-002
   270.06079101765016        1.5337017615895334      -0.32276699750025695      -0.20635762988428352        9.1991250340309111E-002 -0.73005308796370572       -1.7694179294200363E-002
   272.88865270440209        1.5356654713871694      -0.32394197482279719      -0.20788022710418144        9.2007160866989360E-002 -0.73160756786722148       -1.7850749564216700E-002
   275.71651439115402        1.5376161164515936      -0.32510831831631232      -0.20939326565350053        9.2021465929325599E-002 -0.73315190053635404       -1.8007273864522357E-002
   278.54437607790595        1.5395539108851244      -0.32626617832902438      -0.21089689591782665        9.2034203551141794E-002 -0.73468625186763326       -1.8163745686628846E-002
   281.37223776465788        1.5414790632061837      -0.32741570111703211      -0.21239126450367138        9.2045410557735630E-002 -0.73621078342813850       -1.8320158812174667E-002
   284.20009945140976        1.5433917765484031      -0.32855702899501810      -0.21387651436848718        9.2055122624443764E-002 -0.73772565261010703       -1.8476507299482851E-002
   287.02796113816169        1.5452922488507628      -0.32969030047998837      -0.21535278494502127        9.2063374322786204E-002 -0.73923101277856440       -1.8632785470835616E-002
   289.85582282491362        1.5471806730392295      -0.33081565042842254      -0.21682021226030701        9.2070199164336911E-002 -0.74072701341234926       -1.8788987900415704E-002
   292.68368451166555        1.5490572372003675      -0.33193321016720478      -0.21827892904956966        9.2075629642452334E-002 -0.74221380023888972       -1.8945109402880220E-002
   295.51154619841748        1.5509221247473401      -0.33304310761866679      -0.21972906486530988        9.2079697271981994E-002 -0.74369151536306566       -1.9101145022524461E-002
   298.33940788516935        1.5527755145787152      -0.33414546742006751      -0.22117074618180971        9.2082432627076605E-002 -0.74516029739047418       -1.9257090023003565E-002
   301.16726957192128        1.5546175812304355      -0.33524041103780150      -0.22260409649529789        9.2083865377204102E-002 -0.74662028154538040       -1.9412939877577265E-002
   303.99513125867321        1.5564484950213251      -0.33632805687661910      -0.22402923641998398        9.2084024321470045E-002 -0.74807159978364579       -1.9568690259847792E-002
   306.82299294542514        1.5582684221924525      -0.33740852038411590      -0.22544628378017614        9.2082937421342714E-002 -0.74951438090087619       -1.9724337034965379E-002
   309.65085463217707        1.5600775250406671      -0.33848191415074169      -0.22685535369866802        9.2080631831865573E-002 -0.75094875063604627       -1.9879876251268157E-002
   312.47871631892895        1.5618759620466045      -0.33954834800555933      -0.22825655868158010        9.2077133931444038E-002 -0.75237483177082054       -2.0035304132336753E-002
   315.30657800568088        1.5636638879974285      -0.34060792910796300      -0.22965000869982943        9.2072469350281960E-002 -0.75379274422478793       -2.0190617069439351E-002
   318.13443969243281        1.5654414541045878      -0.34166076203557372      -0.23103581126738482        9.2066662997541071E-002 -0.75520260514681969       -2.0345811614343786E-002
   320.96230137918474        1.5672088081168123      -0.34270694886849118      -0.23241407151646376        9.2059739087290038E-002 -0.75660452900272901       -2.0500884472477682E-002
   323.79016306593667        1.5689660944285999      -0.34374658927009233      -0.23378489226981508        9.2051721163309758E-002 -0.75799862765942649       -2.0655832496417316E-002
   326.61802475268854        1.5707134541843866      -0.34477978056453862      -0.23514837411022352        9.2042632122812801E-002 -0.75938501046572682       -2.0810652679684193E-002
   329.44588643944047        1.5724510253786437      -0.34580661781116234      -0.23650461544736406        9.2032494239132664E-002 -0.76076378432998115       -2.0965342150840175E-002
   332.27374812619240        1.5741789429520496      -0.34682719387587446      -0.23785371258212978        9.2021329183438499E-002 -0.76213505379467372       -2.1119898167854149E-002
   335.10160981294433        1.5758973388839641      -0.34784159949974086      -0.23919575976854696        9.2009158045523606E-002 -0.76349892110813278       -2.1274318112736376E-002
   337.92947149969626        1.5776063422813442      -0.34884992336486403      -0.24053084927338830        9.1996001353712817E-002 -0.76485548629349132       -2.1428599486419717E-002
   340.75733318644814        1.5793060794642901      -0.34985225215769405      -0.24185907143358645        9.1981879093936722E-002 -0.76620484721501947       -2.1582739903875919E-002
   343.58519487320007        1.5809966740483627      -0.35084867062989061      -0.24318051471154509        9.1966810728009885E-002 -0.76754709964195633       -2.1736737089457291E-002
   346.41305655995200        1.5826782470238159      -0.35183926165684937      -0.24449526574844496        9.1950815211157388E-002 -0.76888233730994493       -2.1890588872446819E-002
   349.24091824670393        1.5843509168319014      -0.35282410629400374      -0.24580340941562565        9.1933911008821478E-002 -0.77021065198019567       -2.2044293182812775E-002
   352.06877993345586        1.5860147994383602      -0.35380328383099613      -0.24710502886413202        9.1916116112784982E-002 -0.77153213349645833       -2.2197848047152489E-002
   354.89664162020773        1.5876700084042310      -0.35477687184382645      -0.24840020557250475        9.1897448056647860E-002 -0.77284686983992124       -2.2351251584814949E-002
   357.72450330695966        1.5893166549540902      -0.35574494624505698      -0.24968901939288671        9.1877923930681685E-002 -0.77415494718211342       -2.2504502004198290E-002
   360.55236499371159        1.5909548480418505      -0.35670758133216929      -0.25097154859551951        9.1857560396096563E-002 -0.77545644993590523       -2.2657597599209069E-002
   363.38022668046352        1.5925846944142028      -0.35766484983415464      -0.25224786991169784        9.1836373698745352E-002 -0.77675146080468971       -2.2810536745873931E-002
   366.20808836721545        1.5942062986718186      -0.35861682295640496      -0.25351805857524462        9.1814379682292460E-002 -0.77804006082981692       -2.2963317899104115E-002
   369.03595005396733        1.5958197633283984      -0.35956357042399623      -0.25478218836257083        9.1791593800872359E-002 -0.77932232943636681       -2.3115939589594507E-002
   371.86381174071926        1.5974251888676727      -0.36050516052341725      -0.25604033163137774        9.1768031131260169E-002 -0.78059834447732024       -2.3268400420859224E-002
   374.69167342747119        1.5990226737984183      -0.36144166014282147      -0.25729255935805284        9.1743706384577919E-002 -0.78186818227620147       -2.3420699066392069E-002
   377.51953511422312        1.6006123147075944      -0.36237313481085892      -0.25853894117382209        9.1718633917555442E-002 -0.78313191766825785       -2.3572834266949658E-002
   380.34739680097505        1.6021942063116636      -0.36329964873415294      -0.25977954539969883        9.1692827743369870E-002 -0.78438962404022816       -2.3724804827945145E-002
   383.17525848772692        1.6037684415061861      -0.36422126483347450      -0.26101443908028255        9.1666301542075945E-002 -0.78564137336877460       -2.3876609616958432E-002
   386.00312017447885        1.6053351114137329      -0.36513804477867051      -0.26224368801645448        9.1639068670653495E-002 -0.78688723625761048       -2.4028247561342333E-002
   388.83098186123078        1.6068943054302165      -0.36605004902239813      -0.26346735679700756        9.1611142172681639E-002 -0.78812728197339887       -2.4179717645935087E-002
   391.65884354798271        1.6084461112696773      -0.36695733683271481      -0.26468550882926145        9.1582534787659944E-002 -0.78936157848045552       -2.4331018910861719E-002
   394.48670523473464        1.6099906150076082      -0.36785996632456541      -0.26589820636869432        9.1553258959991807E-002 -0.79059019247431539       -2.4482150449431521E-002
   397.31456692148652        1.6115279011228565      -0.36875799449022217      -0.26710551054763265        9.1523326847642167E-002 -0.79181318941419510       -2.4633111406114665E-002
   400.14242860823845        1.6130580525381706      -0.36965147722870539      -0.26830748140303667        9.1492750330486108E-002 -0.79303063355441206       -2.4783900974607889E-002
   402.97029029499038        1.6145811506594532      -0.37054046937424034      -0.26950417790341230        9.1461541018359294E-002 -0.79424258797478620       -2.4934518395973920E-002
   405.79815198174231        1.6160972754137342      -0.37142502472377242      -0.27069565797488654        9.1429710258826055E-002 -0.79544911461006396       -2.5084962956857200E-002
   408.62601366849424        1.6176065052859718      -0.37230519606359813      -0.27188197852647472        9.1397269144671389E-002 -0.79665027427842383       -2.5235233987772672E-002
   411.45387535524611        1.6191089173546676      -0.37318103519512641      -0.27306319547457270        9.1364228521134030E-002 -0.79784612670906430       -2.5385330861457649E-002
   414.28173704199804        1.6206045873263775      -0.37405259295981302      -0.27423936376669916        9.1330598992889825E-002 -0.79903673056893854       -2.5535252991296862E-002
   417.10959872874997        1.6220935895691517      -0.37491991926330692      -0.27541053740451915        9.1296390930790991E-002 -0.80022214348865561       -2.5684999829801707E-002
   419.93746041550190        1.6235759971449364      -0.37578306309882231      -0.27657676946617499        9.1261614478379563E-002 -0.80140242208757673       -2.5834570867155189E-002
   422.76532210225383        1.6250518818409847      -0.37664207256978310      -0.27773811212794580        9.1226279558176249E-002 -0.80257762199814642       -2.5983965629809980E-002
   425.59318378900571        1.6265213142003099      -0.37749699491175454      -0.27889461668526522        9.1190395877758304E-002 -0.80374779788947781       -2.6133183679143232E-002
   428.42104547575764        1.6279843635512159      -0.37834787651369561      -0.28004633357311609        9.1153972935633723E-002 -0.80491300349022421       -2.6282224610162414E-002
   431.24890716250957        1.6294410980359404      -0.37919476293855703      -0.28119331238582984        9.1117020026919876E-002 -0.80607329161076247       -2.6431088050260079E-002
   434.07676884926150        1.6308915846384437      -0.38003769894324463      -0.28233560189630102        9.1079546248832188E-002 -0.80722871416471520       -2.6579773658020805E-002
   436.90463053601343        1.6323358892113649      -0.38087672849797710      -0.28347325007465546        9.1041560505996502E-002 -0.80837932218982567       -2.6728281122065614E-002
   439.73249222276530        1.6337740765021975      -0.38171189480505879      -0.28460630410636834        9.1003071515581679E-002 -0.80952516586822831       -2.6876610159951068E-002
   442.56035390951723        1.6352062101786788      -0.38254324031708509      -0.28573481040987359        9.0964087812272013E-002 -0.81066629454611128       -2.7024760517098123E-002
   445.38821559626916        1.6366323528534559      -0.38337080675460594      -0.28685881465366614        9.0924617753074144E-002 -0.81180275675281699       -2.7172731965772159E-002
   448.21607728302109        1.6380525661080336      -0.38419463512326668      -0.28797836177292291        9.0884669521970468E-002 -0.81293460021938524       -2.7320524304094766E-002
   451.04393896977302        1.6394669105160231      -0.38501476573043730      -0.28909349598565542        9.0844251134427415E-002 -0.81406187189655832       -2.7468137355094530E-002
   453.87180065652495        1.6408754456657411      -0.38583123820136156      -0.29020426080841288        9.0803370441756598E-002 -0.81518461797227670       -2.7615570965791762E-002
   456.69966234327683        1.6422782301821568      -0.38664409149483003      -0.29131069907154616        9.0762035135340147E-002 -0.81630288388867733       -2.7762825006320754E-002
   459.52752403002876        1.6436753217482241      -0.38745336391840046      -0.29241285293405495        9.0720252750725816E-002 -0.81741671435860463       -2.7909899369079640E-002
   462.35538571678069        1.6450667771256142      -0.38825909314318263      -0.29351076389802033        9.0678030671588347E-002 -0.81852615338166967       -2.8056793967917180E-002
   465.18324740353262        1.6464526521748646      -0.38906131621819634      -0.29460447282265295        9.0635376133576653E-002 -0.81963124425984668       -2.8203508737341537E-002
   468.01110909028455        1.6478330018749772      -0.38986006958432362      -0.29569401993795164        9.0592296228035760E-002 -0.82073202961264802       -2.8350043631766544E-002
   470.83897077703642        1.6492078803424746      -0.39065538908786701      -0.29677944485799762        9.0548797905616624E-002 -0.82182855139187916       -2.8496398624780261E-002
   473.66683246378835        1.6505773408499251      -0.39144730999372185      -0.29786078659389503        9.0504887979779430E-002 -0.82292085089597800       -2.8642573708440151E-002
   476.49469415054028        1.6519414358439799      -0.39223586699818991      -0.29893808356636004        9.0460573130183963E-002 -0.82400896878398355       -2.8788568892596081E-002
   479.32255583729221        1.6533002169629021      -0.39302109424142723      -0.30001137361798252        9.0415859905986495E-002 -0.82509294508910380       -2.8934384204234682E-002
   482.15041752404414        1.6546537350536457      -0.39380302531955447      -0.30108069402516052        9.0370754729030209E-002 -0.82617281923193675       -2.9080019686852043E-002
   484.97827921079602        1.6560020401884519      -0.39458169329643200      -0.30214608150972505        9.0325263896946062E-002 -0.82724863003332239       -2.9225475399841799E-002
   487.80614089754795        1.6573451816810310      -0.39535713071511791      -0.30320757225025985        9.0279393586159162E-002 -0.82832041572686665       -2.9370751417910842E-002
   490.63400258429988        1.6586832081022940      -0.39612936960900741      -0.30426520189312911        9.0233149854807154E-002 -0.82938821397112195       -2.9515847830515557E-002
   493.46186427105181        1.6600161672956799      -0.39689844151267967      -0.30531900556322211        9.0186538645574993E-002 -0.83045206186145015       -2.9660764741310922E-002
   496.28972595780374        1.6613441063920860      -0.39766437747244898      -0.30636901787441895        9.0139565788444176E-002 -0.83151199594158243       -2.9805502267631085E-002
   499.11758764455561        1.6626670718243985      -0.39842720805663601      -0.30741527293979470        9.0092237003364661E-002 -0.83256805221486707       -2.9950060539975579E-002
   501.94544933130754        1.6639851093416613      -0.39918696336556553      -0.30845780438155995        9.0044557902848613E-002 -0.83362026615523488       -3.0094439701524697E-002
   504.77331101805947        1.6652982640228624      -0.39994367304130291      -0.30949664534075699        8.9996533994492325E-002 -0.83466867271787559       -3.0238639907661069E-002
   507.60117270481140        1.6666065802903882      -0.40069736627713237      -0.31053182848670580        8.9948170683421744E-002 -0.83571330634964758       -3.0382661325517615E-002
   510.42903439156333        1.6679101019231197      -0.40144807182678888      -0.31156338602621997        8.9899473274672875E-002 -0.83675420099921838       -3.0526504133535970E-002
   513.25689607831521        1.6692088720692024      -0.40219581801345355      -0.31259134971259445        8.9850446975504455E-002 -0.83779139012694892       -3.0670168521038418E-002
   516.08475776506714        1.6705029332584997      -0.40294063273850916      -0.31361575085436455        8.9801096897642929E-002 -0.83882490671452847       -3.0813654687822496E-002
   518.91261945181907        1.6717923274147228      -0.40368254349008165      -0.31463662032386219        8.9751428059468882E-002 -0.83985478327437324       -3.0956962843758807E-002
   521.74048113857100        1.6730770958672763      -0.40442157735135387      -0.31565398856554994        8.9701445388139039E-002 -0.84088105185878337       -3.1100093208413119E-002
   524.56834282532293        1.6743572793627899      -0.40515776100867612      -0.31666788560416492        8.9651153721652763E-002 -0.84190374406887780       -3.1243046010672619E-002
   527.39620451207486        1.6756329180763851      -0.40589112075946382      -0.31767834105265558        8.9600557810860029E-002 -0.84292289106330953       -3.1385821488392571E-002
   530.22406619882679        1.6769040516226503      -0.40662168251990544      -0.31868538411993741        8.9549662321414342E-002 -0.84393852356676335       -3.1528419888047408E-002
   533.05192788557872        1.6781707190663575      -0.40734947183247139      -0.31968904361845651        8.9498471835674914E-002 -0.84495067187824957       -3.1670841464399802E-002
   535.87978957233054        1.6794329589329233      -0.40807451387323851      -0.32068934797157539        8.9446990854554306E-002 -0.84595936587919729       -3.1813086480179734E-002
   538.70765125908247        1.6806908092186006      -0.40879683345903545      -0.32168632522078577        8.9395223799317622E-002 -0.84696463504134933       -3.1955155205770178E-002
   541.53551294583440        1.6819443074004448      -0.40951645505440781      -0.32268000303274974        8.9343175013334955E-002 -0.84796650843446952       -3.2097047918909549E-002
   544.36337463258633        1.6831934904460328      -0.41023340277841702      -0.32367040870617575        8.9290848763784500E-002 -0.84896501473386832       -3.2238764904400863E-002
   547.19123631933826        1.6844383948229493      -0.41094770041127304      -0.32465756917853700        8.9238249243312390E-002 -0.84996018222774250       -3.2380306453828459E-002
   550.01909800609019        1.6856790565080551      -0.41165937140080255      -0.32564151103263284        8.9185380571648848E-002 -0.85095203882435022       -3.2521672865290278E-002
   552.84695969284212        1.6869155109965297      -0.41236843886876706      -0.32662226050299631        8.9132246797180417E-002 -0.85194061205901028       -3.2662864443132933E-002
   555.67482137959405        1.6881477933107201      -0.41307492561702636      -0.32759984348215926        8.9078851898481623E-002 -0.85292592910094567       -3.2803881497701255E-002
   558.50268306634598        1.6893759380087516      -0.41377885413355475      -0.32857428552677176        8.9025199785808806E-002 -0.85390801675995409       -3.2944724345088119E-002
   561.33054475309791        1.6905999791929756      -0.41448024659831489      -0.32954561186358250        8.8971294302551990E-002 -0.85488690149294155       -3.3085393306904111E-002
   564.15840643984973        1.6918199505181990      -0.41517912488899539      -0.33051384739528350        8.8917139226651162E-002 -0.85586260941029302       -3.3225888710043561E-002
   566.98626812660166        1.6930358851997311      -0.41587551058660888      -0.33147901670622704        8.8862738271977132E-002 -0.85683516628209966       -3.3366210886465519E-002
   569.81412981335359        1.6942478160212464      -0.41656942498096222      -0.33244114406800923        8.8808095089676034E-002 -0.85780459754424432       -3.3506360172978478E-002
   572.64199150010552        1.6954557753424784      -0.41726088907600123      -0.33340025344493318        8.8753213269478104E-002 -0.85877092830435420       -3.3646336911035253E-002
   575.46985318685745        1.6966597951067219      -0.41794992359502814      -0.33435636849934847        8.8698096340976459E-002 -0.85973418334760954       -3.3786141446530180E-002
   578.29771487360938        1.6978599068481779      -0.41863654898579816      -0.33530951259687664        8.8642747774872854E-002 -0.86069438714242774       -3.3925774129606852E-002
   581.12557656036131        1.6990561416991410      -0.41932078542550538      -0.33625970881151512        8.8587170984189570E-002 -0.86165156384602148       -3.4065235314472420E-002
   583.95343824711324        1.7002485303970107      -0.42000265282564725      -0.33720697993063786        8.8531369325454870E-002 -0.86260573730982859       -3.4204525359214547E-002
   586.78129993386517        1.7014371032911504      -0.42068217083678383      -0.33815134845988143        8.8475346099858146E-002 -0.86355693108482190       -3.4343644625625253E-002
   589.60916162061710        1.7026218903496140      -0.42135935885318709      -0.33909283662792566        8.8419104554373282E-002 -0.86450516842670833       -3.4482593479035456E-002
   592.43702330736892        1.7038029211656984      -0.42203423601738838      -0.34003146639117549        8.8362647882858095E-002 -0.86545047230100669       -3.4621372288146490E-002
   595.26488499412085        1.7049802249643715      -0.42270682122461894      -0.34096725943833722        8.8305979227126241E-002 -0.86639286538801774       -3.4759981424875797E-002
   598.09274668087278        1.7061538306085495      -0.42337713312715569      -0.34190023719489976        8.8249101677992298E-002 -0.86733237008768371       -3.4898421264200452E-002
   600.92060836762471        1.7073237666052488      -0.42404519013857289      -0.34283042082752174        8.8192018276290030E-002 -0.86826900852434941       -3.5036692184010051E-002
   603.74847005437664        1.7084900611115970      -0.42471101043789206      -0.34375783124832177        8.8134732013869066E-002 -0.86920280255141324       -3.5174794564964508E-002
   606.57633174112857        1.7096527419407130      -0.42537461197364773      -0.34468248911908272        8.8077245834566331E-002 -0.87013377375587897       -3.5312728790352160E-002
   609.40419342788050        1.7108118365674789      -0.42603601246786105      -0.34560441485536525        8.8019562635152926E-002 -0.87106194346281873       -3.5450495245959723E-002
   612.23205511463243        1.7119673721341604      -0.42669522941992999      -0.34652362863053654        8.7961685266260567E-002 -0.87198733273972828       -3.5588094319937341E-002
   615.05991680138436        1.7131193754559388      -0.42735228011042908      -0.34744015037971493        8.7903616533284212E-002 -0.87290996240080276       -3.5725526402678148E-002
   617.88777848813629        1.7142678730263048      -0.42800718160483670      -0.34835399980363324        8.7845359197264508E-002 -0.87382985301111482       -3.5862791886691545E-002
   620.71564017488811        1.7154128910223505      -0.42865995075717062      -0.34926519637242054        8.7786915975749211E-002 -0.87474702489070610       -3.5999891166490730E-002
   623.54350186164004        1.7165544553099439      -0.42931060421355716      -0.35017375932931283        8.7728289543634624E-002 -0.87566149811859584       -3.6136824638473591E-002
   626.37136354839197        1.7176925914488044      -0.42995915841571719      -0.35107970769427865        8.7669482533986390E-002 -0.87657329253670435       -3.6273592700816280E-002
   629.19922523514390        1.7188273246974655      -0.43060562960437987      -0.35198306026757681        8.7610497538842119E-002 -0.87748242775369723       -3.6410195753366487E-002
   632.02708692189583        1.7199586800181361      -0.43125003382262617      -0.35288383563324349        8.7551337109995950E-002 -0.87838892314874584       -3.6546634197537488E-002
   634.85494860864776        1.7210866820814752      -0.43189238691916021      -0.35378205216250325        8.7492003759763515E-002 -0.87929279787521919       -3.6682908436212552E-002
   637.68281029539969        1.7222113552712421      -0.43253270455151382      -0.35467772801711817        8.7432499961730609E-002 -0.88019407086428914       -3.6819018873643923E-002
   640.51067198215162        1.7233327236888849      -0.43317100218918414      -0.35557088115266572        8.7372828151483992E-002 -0.88109276082847676       -3.6954965915362979E-002
   643.33853366890355        1.7244508111580088      -0.43380729511670291      -0.35646152932175146        8.7312990727326595E-002 -0.88198888626510907       -3.7090749968088227E-002
   646.16639535565548        1.7255656412287692      -0.43444159843664748      -0.35734969007716227        8.7252990050975074E-002 -0.88288246545972393       -3.7226371439638230E-002
   648.99425704240730        1.7266772371821748      -0.43507392707258902      -0.35823538077495215        8.7192828448242790E-002 -0.88377351648939495       -3.7361830738846288E-002
   651.82211872915923        1.7277856220343042      -0.43570429577197517      -0.35911861857747113        8.7132508209706860E-002 -0.88466205722599656       -3.7497128275481642E-002
   654.64998041591116        1.7288908185404304      -0.43633271910896260      -0.35999942045633365        8.7072031591360524E-002 -0.88554810533939754       -3.7632264460165377E-002
   657.47784210266309        1.7299928491990788      -0.43695921148718342      -0.36087780319532864        8.7011400815251078E-002 -0.88643167830059788       -3.7767239704297934E-002
   660.30570378941502        1.7310917362559950      -0.43758378714246293      -0.36175378339327430        8.6950618070102986E-002 -0.88731279338480173       -3.7902054419983684E-002
   663.13356547616695        1.7321875017080355      -0.43820646014547887      -0.36262737746681817        8.6889685511927536E-002 -0.88819146767442902       -3.8036709019958148E-002
   665.96142716291888        1.7332801673069831      -0.43882724440436621      -0.36349860165318026        8.6828605264621245E-002 -0.88906771806206553       -3.8171203917520512E-002
   668.78928884967081        1.7343697545632972      -0.43944615366727569      -0.36436747201284780        8.6767379420544896E-002 -0.88994156125336743       -3.8305539526466190E-002
   671.61715053642274        1.7354562847497701      -0.44006320152487444      -0.36523400443221726        8.6706010041099069E-002 -0.89081301376988942       -3.8439716261020537E-002
   674.44501222317467        1.7365397789051378      -0.44067840141280434      -0.36609821462618286        8.6644499157278509E-002 -0.89168209195187909       -3.8573734535777296E-002
   677.27287390992649        1.7376202578376032      -0.44129176661408376      -0.36696011814068191        8.6582848770219697E-002 -0.89254881196100511       -3.8707594765639237E-002
   680.10073559667842        1.7386977421282985      -0.44190331026147206      -0.36781973035518789        8.6521060851734818E-002 -0.89341318978303585       -3.8841297365755534E-002
   682.92859728343035        1.7397722521346823      -0.44251304533977764      -0.36867706648515824        8.6459137344834958E-002 -0.89427524123046720       -3.8974842751469167E-002
   685.75645897018228        1.7408438079938759      -0.44312098468813060      -0.36953214158443670        8.6397080164239873E-002 -0.89513498194510588       -3.9108231338261294E-002
   688.58432065693421        1.7419124296259219      -0.44372714100220334      -0.37038497054761088        8.6334891196881272E-002 -0.89599242740058960       -3.9241463541694895E-002
   691.41218234368614        1.7429781367369972      -0.44433152683639437      -0.37123556811232561        8.6272572302390868E-002 -0.89684759290487814       -3.9374539777367268E-002
   694.24004403043807        1.7440409488225668      -0.44493415460596702      -0.37208394886155155        8.6210125313579314E-002 -0.89770049360268611       -3.9507460460860594E-002
   697.06790571719000        1.7451008851704528      -0.44553503658914800      -0.37293012722582092        8.6147552036908534E-002 -0.89855114447786855       -3.9640226007688330E-002
   699.89576740394193        1.7461579648638899      -0.44613418492918616      -0.37377411748540851        8.6084854252948206E-002 -0.89939956035577429       -3.9772836833257587E-002
   702.72362909069386        1.7472122067844782      -0.44673161163637043      -0.37461593377248353        8.6022033716827678E-002 -0.90024575590553979       -3.9905293352817561E-002
   705.55149077744579        1.7482636296151175      -0.44732732859001489      -0.37545559007322032        8.5959092158675476E-002 -0.90108974564235644       -4.0037595981418497E-002
   708.37935246419761        1.7493122518428674      -0.44792134754039875      -0.37629310022986617        8.5896031284050559E-002 -0.90193154392968389       -4.0169745133871754E-002
   711.20721415094954        1.7503580917617600      -0.44851368011067727      -0.37712847794277959        8.5832852774366503E-002 -0.90277116498142806       -4.0301741224704785E-002
   714.03507583770147        1.7514011674755654      -0.44910433779875097      -0.37796173677242334        8.5769558287303205E-002 -0.90360862286408061       -4.0433584668127402E-002
   716.86293752445340        1.7524414969005024      -0.44969333197910599      -0.37879289014133011        8.5706149457212777E-002 -0.90444393149881830       -4.0565275877989880E-002
   719.69079921120533        1.7534790977679040      -0.45028067390461340      -0.37962195133602583        8.5642627895516688E-002 -0.90527710466356182       -4.0696815267750722E-002
   722.51866089795726        1.7545139876268236      -0.45086637470830360      -0.38044893350892595        8.5578995191095075E-002 -0.90610815599500061       -4.0828203250435131E-002
   725.34652258470919        1.7555461838466191      -0.45145044540509877      -0.38127384968019029        8.5515252910666084E-002 -0.90693709899058284       -4.0959440238609361E-002
   728.17438427146112        1.7565757036194585      -0.45203289689352372      -0.38209671273955426        8.5451402599160856E-002 -0.90776394701046348       -4.1090526644339778E-002
   731.00224595821305        1.7576025639628106      -0.45261373995737453      -0.38291753544811719        8.5387445780087584E-002 -0.90858871327942614       -4.1221462879169085E-002
   733.83010764496498        1.7586267817218668      -0.45319298526736784      -0.38373633044011385        8.5323383955891910E-002 -0.90941141088876032       -4.1352249354077115E-002
   736.65796933171680        1.7596483735719430      -0.45377064338275214      -0.38455311022463584        8.5259218608304738E-002 -0.91023205279811970       -4.1482886479460385E-002
   739.48583101846873        1.7606673560208175      -0.45434672475289295      -0.38536788718734483        8.5194951198690139E-002 -0.91105065183733125       -4.1613374665096306E-002
   742.31369270522066        1.7616837454110463      -0.45492123971883108      -0.38618067359213631        8.5130583168379778E-002 -0.91186722070818782       -4.1743714320120424E-002
   745.14155439197259        1.7626975579222228      -0.45549419851481004      -0.38699148158279051        8.5066115939004663E-002 -0.91268177198619749       -4.1873905852997467E-002
   747.96941607872452        1.7637088095732123      -0.45606561126977818      -0.38780032318458363        8.5001550912818913E-002 -0.91349431812231008       -4.2003949671497537E-002
   750.79727776547645        1.7647175162243340      -0.45663548800886383      -0.38860721030587814        8.4936889473017557E-002 -0.91430487144461026       -4.2133846182669514E-002
   753.62513945222838        1.7657236935795153      -0.45720383865482189      -0.38941215473968421        8.4872132984048151E-002 -0.91511344415998241       -4.2263595792820005E-002
   756.45300113898031        1.7667273571884090      -0.45777067302946073      -0.39021516816519153        8.4807282791914559E-002 -0.91592004835574936       -4.2393198907490111E-002
   759.28086282573224        1.7677285224484598      -0.45833600085503851      -0.39101626214928342        8.4742340224479198E-002 -0.91672469600127338       -4.2522655931428802E-002
   762.10872451248417        1.7687272046069589      -0.45889983175563664      -0.39181544814801356        8.4677306591753293E-002 -0.91752739894954494       -4.2651967268578811E-002
   764.93658619923599        1.7697234187630442      -0.45946217525850930      -0.39261273750807085        8.4612183186187281E-002 -0.91832816893873104       -4.2781133322051905E-002
   767.76444788598792        1.7707171798696750      -0.46002304079541084      -0.39340814146820829        8.4546971282952188E-002 -0.91912701759370419       -4.2910154494110501E-002
   770.59230957273985        1.7717085027355717      -0.46058243770390006      -0.39420167116065630        8.4481672140215902E-002 -0.91992395642754421       -4.3039031186147630E-002
   773.42017125949178        1.7726974020271251      -0.46114037522861839      -0.39499333761250799        8.4416286999415543E-002 -0.92071899684301439       -4.3167763798671793E-002
   776.24803294624371        1.7736838922702667      -0.46169686252255104      -0.39578315174708395        8.4350817085524041E-002 -0.92151215013401211       -4.3296352731285855E-002
   779.07589463299564        1.7746679878523184      -0.46225190864826399      -0.39657112438527226        8.4285263607310132E-002 -0.92230342748699734       -4.3424798382672838E-002
   781.90375631974757        1.7756497030237999      -0.46280552257911989      -0.39735726624684986        8.4219627757596713E-002 -0.92309283998239400       -4.3553101150578047E-002
   784.73161800649950        1.7766290519002195      -0.46335771320047370      -0.39814158795177723        8.4153910713509514E-002 -0.92388039859597360       -4.3681261431796528E-002
   787.55947969325143        1.7776060484638152      -0.46390848931084799      -0.39892410002147977        8.4088113636727926E-002 -0.92466611420020728       -4.3809279622153523E-002
   790.38734138000336        1.7785807065652937      -0.46445785962308916      -0.39970481288009629        8.4022237673722591E-002 -0.92544999756560697       -4.3937156116495131E-002
   793.21520306675518        1.7795530399255151      -0.46500583276550189      -0.40048373685572275        8.3956283955996594E-002 -0.92623205936203312       -4.4064891308671715E-002
   796.04306475350711        1.7805230621371670      -0.46555241728296948      -0.40126088218162237        8.3890253600316503E-002 -0.92701231015998953       -4.4192485591524715E-002
   798.87092644025904        1.7814907866664085      -0.46609762163804791      -0.40203625899742157        8.3824147708942032E-002 -0.92779076043189324       -4.4319939356877017E-002
   801.69878812701097        1.7824562268544744      -0.46664145421204944      -0.40280987735029128        8.3757967369850431E-002 -0.92856742055332198       -4.4447252995516544E-002
   804.52664981376290        1.7834193959192752      -0.46718392330610287      -0.40358174719609941        8.3691713656957087E-002 -0.92934230080424818       -4.4574426897189212E-002
   807.35451150051483        1.7843803069569537      -0.46772503714220037      -0.40435187840055448        8.3625387630331408E-002 -0.93011541137024478       -4.4701461450583471E-002
   810.18237318726676        1.7853389729434235      -0.46826480386422092      -0.40512028074032524        8.3558990336410371E-002 -0.93088676234367673       -4.4828357043325086E-002
   813.01023487401869        1.7862954067358849      -0.46880323153894687      -0.40588696390414469        8.3492522808204878E-002 -0.93165636372487659       -4.4955114061962120E-002
   815.83809656077062        1.7872496210743063      -0.46934032815705107      -0.40665193749389716        8.3425986065507274E-002 -0.93242422542328596       -4.5081732891957910E-002
   818.66595824752255        1.7882016285828988      -0.46987610163408150      -0.40741521102568801        8.3359381115090073E-002 -0.93319035725860400       -4.5208213917681345E-002
   821.49381993427437        1.7891514417715533      -0.47041055981141916      -0.40817679393089368        8.3292708950903724E-002 -0.93395476896189311       -4.5334557522398906E-002
   824.32168162102630        1.7900990730372597      -0.47094371045722422      -0.40893669555720052        8.3225970554271472E-002 -0.93471747017668216       -4.5460764088266145E-002
   827.14954330777823        1.7910445346655013      -0.47147556126737089      -0.40969492516962491        8.3159166894078804E-002 -0.93547847046004495       -4.5586833996317036E-002
   829.97740499453016        1.7919878388316368      -0.47200611986635965      -0.41045149195151603        8.3092298926959615E-002 -0.93623777928366891       -4.5712767626461377E-002
   832.80526668128209        1.7929289976022460      -0.47253539380822063      -0.41120640500554539        8.3025367597481567E-002 -0.93699540603489817       -4.5838565357475027E-002
   835.63312836803402        1.7938680229364667      -0.47306339057740188      -0.41195967335468031        8.2958373838324523E-002 -0.93775136001776882       -4.5964227566991749E-002
   838.46099005478595        1.7948049266873061      -0.47359011758963920      -0.41271130594314204        8.2891318570458061E-002 -0.93850565045402168       -4.6089754631501646E-002
   841.28885174153788        1.7957397206029244      -0.47411558219281974      -0.41346131163735328        8.2824202703316752E-002 -0.93925828648410059       -4.6215146926336506E-002
   844.11671342828981        1.7966724163279189      -0.47463979166782200      -0.41420969922686079        8.2757027134968894E-002 -0.94000927716814209       -4.6340404825675627E-002
   846.94457511504174        1.7976030254045658      -0.47516275322935458      -0.41495647742525843        8.2689792752285343E-002 -0.94075863148693883       -4.6465528702530470E-002
   849.77243680179356        1.7985315592740563      -0.47568447402676944      -0.41570165487108379        8.2622500431104778E-002 -0.94150635834289620       -4.6590518928745356E-002
   852.60029848854549        1.7994580292777087      -0.47620496114487249      -0.41644524012870771        8.2555151036394880E-002 -0.94225246656097295       -4.6715375874990722E-002
   855.42816017529742        1.8003824466581668      -0.47672422160471523      -0.41718724168920984        8.2487745422411288E-002 -0.94299696488960427       -4.6840099910758888E-002
   858.25602186204935        1.8013048225605717      -0.47724226236437772      -0.41792766797123942        8.2420284432855262E-002 -0.94373986200161331       -4.6964691404359216E-002
   861.08388354880128        1.8022251680337242      -0.47775909031973679      -0.41866652732186427        8.2352768901026482E-002 -0.94448116649511038       -4.7089150722915321E-002
   863.91174523555321        1.8031434940312283      -0.47827471230522384      -0.41940382801740628        8.2285199649973259E-002 -0.94522088689437667       -4.7213478232362376E-002
   866.73960692230514        1.8040598114126118      -0.47878913509457088      -0.42013957826426551        8.2217577492641927E-002 -0.94595903165073314       -4.7337674297441817E-002
   869.56746860905707        1.8049741309444343      -0.47930236540154436      -0.42087378619973198        8.2149903232023549E-002 -0.94669560914339834       -4.7461739281699132E-002
   872.39533029580900        1.8058864633013811      -0.47981440988067031      -0.42160645989278450        8.2082177661294997E-002 -0.94743062768033470       -4.7585673547480133E-002
   875.22319198256093        1.8067968190673362      -0.48032527512794360      -0.42233760734487913        8.2014401563960934E-002 -0.94816409549908176       -4.7709477455931196E-002
   878.05105366931286        1.8077052087364396      -0.48083496768153144      -0.42306723649072531        8.1946575713993636E-002 -0.94889602076757062       -4.7833151366992885E-002
   880.87891535606468        1.8086116427141350      -0.48134349402246263      -0.42379535519904926        8.1878700875966451E-002 -0.94962641158493843       -4.7956695639402379E-002
   883.70677704281661        1.8095161313181924      -0.48185086057530940      -0.42452197127335073        8.1810777805189527E-002 -0.95035527598232050       -4.8080110630687151E-002
   886.53463872956854        1.8104186847797217      -0.48235707370885672      -0.42524709245264303        8.1742807247841179E-002 -0.95108262192363313       -4.8203396697165224E-002
   889.36250041632047        1.8113193132441774      -0.48286213973676179      -0.42597072641218525        8.1674789941095491E-002 -0.95180845730635188       -4.8326554193946117E-002
   892.19036210307240        1.8122180267723296      -0.48336606491820372      -0.42669288076420608        8.1606726613252592E-002 -0.95253278996226609       -4.8449583474924979E-002
   895.01822378982433        1.8131148353412445      -0.48386885545852604      -0.42741356305861250        8.1538617983860834E-002 -0.95325562765823268       -4.8572484892784908E-002
   897.84608547657626        1.8140097488452327      -0.48437051750986554      -0.42813278078369060        8.1470464763841080E-002 -0.95397697809691684       -4.8695258798995548E-002
   900.67394716332819        1.8149027770967889      -0.48487105717177631      -0.42885054136680051        8.1402267655607416E-002 -0.95469684891751738       -4.8817905543809145E-002
   903.50180885008012        1.8157939298275263      -0.48537048049183745      -0.42956685217505058        8.1334027353185595E-002 -0.95541524769648656       -4.8940425476266189E-002
   906.32967053683205        1.8166832166890861      -0.48586879346626261      -0.43028172051597502        8.1265744542330431E-002 -0.95613218194824046       -4.9062818944189783E-002
   909.15753222358387        1.8175706472540352      -0.48636600204048913      -0.43099515363819291        8.1197419900641180E-002 -0.95684765912585024       -4.9185086294187080E-002
   911.98539391033580        1.8184562310167629      -0.48686211210976743      -0.43170715873205912        8.1129054097672418E-002 -0.95756168662173691       -4.9307227871650539E-002
   914.81325559708773        1.8193399773943457      -0.48735712951973564      -0.43241774293031254        8.1060647795048874E-002 -0.95827427176834379       -4.9429244020755589E-002
   917.64111728383966        1.8202218957274221      -0.48785106006699092      -0.43312691330870529        8.0992201646571588E-002 -0.95898542183880930       -4.9551135084463981E-002
   920.46897897059159        1.8211019952810332      -0.48834390949964807      -0.43383467688663052        8.0923716298327300E-002 -0.95969514404762213       -4.9672901404521519E-002
   923.29684065734352        1.8219802852454650      -0.48883568351789514      -0.43454104062774068        8.0855192388792810E-002 -0.96040344555127299       -4.9794543321458343E-002
   926.12470234409545        1.8228567747370765      -0.48932638777453186      -0.43524601144055119        8.0786630548941848E-002 -0.96111033344889374       -4.9916061174593733E-002
   928.95256403084738        1.8237314727991163      -0.48981602787551298      -0.43594959617904466        8.0718031402344584E-002 -0.96181581478288958       -5.0037455302032650E-002
   931.78042571759931        1.8246043884025196      -0.49030460938047515      -0.43665180164325956        8.0649395565268914E-002 -0.96251989653956205       -5.0158726040667373E-002
   934.60828740435124        1.8254755304467107      -0.49079213780325553      -0.43735263457987367        8.0580723646781760E-002 -0.96322258564972130       -5.0279873726182055E-002
   937.43614909110306        1.8263449077603735      -0.49127861861240985      -0.43805210168278258        8.0512016248844923E-002 -0.96392388898929215       -5.0400898693048021E-002
   940.26401077785499        1.8272125291022352      -0.49176405723171773      -0.43875020959366107        8.0443273966410087E-002 -0.96462381337991354       -5.0521801274531319E-002
   943.09187246460692        1.8280784031618140      -0.49224845904068248      -0.43944696490252844        8.0374497387515745E-002 -0.96532236558952367       -5.0642581802689213E-002
   945.91973415135885        1.8289425385601759      -0.49273182937502130      -0.44014237414829599        8.0305687093378472E-002 -0.96601955233294035       -5.0763240608375351E-002
   948.74759583811078        1.8298049438506705      -0.49321417352715485      -0.44083644381931697        8.0236843658485837E-002 -0.96671538027243753       -5.0883778021237773E-002
   951.57545752486271        1.8306656275196644      -0.49369549674668378      -0.44152918035391714        8.0167967650684194E-002 -0.96740985601830676       -5.1004194369724871E-002
   954.40331921161464        1.8315245979872585      -0.49417580424086133      -0.44222059014092829        8.0099059631269010E-002 -0.96810298612941603       -5.1124489981084202E-002
   957.23118089836657        1.8323818636079925      -0.49465510117505807      -0.44291067952021251        8.0030120155072895E-002 -0.96879477711375683       -5.1244665181364731E-002
   960.05904258511850        1.8332374326715519      -0.49513339267322304      -0.44359945478317442        7.9961149770548495E-002 -0.96948523542899068       -5.1364720295420302E-002
   962.88690427187043        1.8340913134034560      -0.49561068381833395      -0.44428692217327037        7.9892149019855557E-002 -0.97017436748297803       -5.1484655646910654E-002
   965.71476595862225        1.8349435139657380      -0.49608697965284487      -0.44497308788651391        7.9823118438943547E-002 -0.97086217963431076       -5.1604471558304915E-002
   968.54262764537418        1.8357940424576114      -0.49656228517912809      -0.44565795807196767        7.9754058557633206E-002 -0.97154867819282853       -5.1724168350879868E-002
   971.37048933212611        1.8366429069161478      -0.49703660535990440      -0.44634153883223238        7.9684969899696798E-002 -0.97223386942013579       -5.1843746344729623E-002
   974.19835101887804        1.8374901153169154      -0.49750994511867641      -0.44702383622393066        7.9615852982937649E-002 -0.97291775953010706       -5.1963205858760644E-002
   977.02621270562997        1.8383356755746285      -0.49798230934014548      -0.44770485625818224        7.9546708319269771E-002 -0.97360035468938311       -5.2082547210698743E-002
   979.85407439238190        1.8391795955437886      -0.49845370287063395      -0.44838460490107446        7.9477536414792757E-002 -0.97428166101786962       -5.2201770717089563E-002
   982.68193607913383        1.8400218830193118      -0.49892413051849277      -0.44906308807412343        7.9408337769867401E-002 -0.97496168458922206       -5.2320876693303764E-002
   985.50979776588576        1.8408625457371390      -0.49939359705450609      -0.44974031165473360        7.9339112879192902E-002 -0.97564043143132195       -5.2439865453536114E-002
   988.33765945263769        1.8417015913748609      -0.49986210721229607      -0.45041628147664947        7.9269862231877000E-002 -0.97631790752675607       -5.2558737310810844E-002
   991.16552113938963        1.8425390275523104      -0.50032966568871184      -0.45109100333039975        7.9200586311511084E-002 -0.97699411881328047       -5.2677492576983967E-002
   993.99338282614144        1.8433748618321713      -0.50079627714422148      -0.45176448296373539        7.9131285596239026E-002 -0.97766907118428459       -5.2796131562748691E-002
   996.82124451289337        1.8442091017205471      -0.50126194620329811      -0.45243672608207158        7.9061960558829261E-002 -0.97834277048924279       -5.2914654577630414E-002
   999.64910619964530        1.8450417546675570      -0.50172667745479493      -0.45310773834890572        7.8992611666742554E-002 -0.97901522253416651       -5.3033061929998730E-002
   1002.4769678863972        1.8458728280679064      -0.50219047545232087      -0.45377752538624821        7.8923239382200194E-002 -0.97968643308204995       -5.3151353927067699E-002
   1005.3048295731492        1.8467023292614471      -0.50265334471461065      -0.45444609277503439        7.8853844162251358E-002 -0.98035640785330347       -5.3269530874897296E-002
   1008.1326912599011        1.8475302655337340      -0.50311528972588793      -0.45511344605554416        7.8784426458839069E-002 -0.98102515252618738       -5.3387593078395794E-002
   1010.9605529466530        1.8483566441165802      -0.50357631493622357      -0.45577959072780172        7.8714986718865954E-002 -0.98169267273723826       -5.3505540841326492E-002
   1013.7884146334050        1.8491814721886006      -0.50403642476189148      -0.45644453225197973        7.8645525384255635E-002 -0.98235897408169248       -5.3623374466309416E-002
   1016.6162763201569        1.8500047568757469      -0.50449562358571898      -0.45710827604879800        7.8576042892018735E-002 -0.98302406211389937       -5.3741094254823686E-002
   1019.4441380069088        1.8508265052518380      -0.50495391575743009      -0.45777082749991249        7.8506539674312856E-002 -0.98368794234773316       -5.3858700507212948E-002
   1022.2719996936606        1.8516467243390817      -0.50541130559398806      -0.45843219194830304        7.8437016158505360E-002 -0.98435062025699693       -5.3976193522687163E-002
   1025.0998613804127        1.8524654211085869      -0.50586779737993148      -0.45909237469865771        7.8367472767233437E-002 -0.98501210127581962       -5.4093573599323527E-002
   1027.9277230671646        1.8532826024808846      -0.50632339536770588      -0.45975138101774565        7.8297909918462125E-002 -0.98567239079905999       -5.4210841034076446E-002
   1030.7555847539165        1.8540982753264208      -0.50677810377799248      -0.46040921613479119        7.8228328025543303E-002 -0.98633149418268717       -5.4327996122775425E-002
   1033.5834464406685        1.8549124464660596      -0.50723192680002760      -0.46106588524184228        7.8158727497276009E-002 -0.98698941674417073       -5.4445039160132346E-002
   1036.4113081274204        1.8557251226715683      -0.50768486859192985      -0.46172139349413366        7.8089108737957838E-002 -0.98764616376285908       -5.4561970439740745E-002
   1039.2391698141721        1.8565363106661075      -0.50813693328100629      -0.46237574601044384        7.8019472147446825E-002 -0.98830174048035568       -5.4678790254084168E-002
   1042.0670315009240        1.8573460171247078      -0.50858812496407046      -0.46302894787345034        7.7949818121211822E-002 -0.98895615210089094       -5.4795498894537768E-002
   1044.8948931876760        1.8581542486747347      -0.50903844770774542      -0.46368100413008084        7.7880147050391063E-002 -0.98960940379168216       -5.4912096651368959E-002
   1047.7227548744279        1.8589610118963678      -0.50948790554876955      -0.46433191979185678        7.7810459321841968E-002 -0.99026150068330310       -5.5028583813746555E-002
   1050.5506165611798        1.8597663133230558      -0.50993650249429578      -0.46498169983523457        7.7740755318195603E-002 -0.99091244787003863       -5.5144960669740992E-002
   1053.3784782479318        1.8605701594419672      -0.51038424252218451      -0.46563034920194485        7.7671035417909373E-002 -0.99156225041023183       -5.5261227506328794E-002
   1056.2063399346837        1.8613725566944483      -0.51083112958129839      -0.46627787279932059        7.7601299995316550E-002 -0.99221091332664235       -5.5377384609398485E-002
   1059.0342016214356        1.8621735114764575      -0.51127716759178976      -0.46692427550063381        7.7531549420679108E-002 -0.99285844160677994       -5.5493432263748851E-002
   1061.8620633081875        1.8629730301390084      -0.51172236044538522      -0.46756956214541368        7.7461784060235239E-002 -0.99350484020324858       -5.5609370753097007E-002
   1064.6899249949395        1.8637711189886095      -0.51216671200566477      -0.46821373753976930        7.7392004276250120E-002 -0.99415011403408649       -5.5725200360084985E-002
   1067.5177866816914        1.8645677842876807      -0.51261022610834461      -0.46885680645670763        7.7322210427061860E-002 -0.99479426798309178       -5.5840921366276240E-002
   1070.3456483684433        1.8653630322549788      -0.51305290656154390      -0.46949877363644682        7.7252402867133557E-002 -0.99543730690014964       -5.5956534052164601E-002
   1073.1735100551953        1.8661568690660215      -0.51349475714606074      -0.47013964378672540        7.7182581947095513E-002 -0.99607923560155964       -5.6072038697177078E-002
   1076.0013717419472        1.8669493008534879      -0.51393578161563991      -0.47077942158310898        7.7112748013795113E-002 -0.99672005887035220       -5.6187435579675114E-002
   1078.8292334286991        1.8677403337076441      -0.51437598369722792      -0.47141811166928643        7.7042901410340953E-002 -0.99735978145660742       -5.6302724976968310E-002
   1081.6570951154511        1.8685299736767205      -0.51481536709124864      -0.47205571865737972        7.6973042476147516E-002 -0.99799840807776208       -5.6417907165300811E-002
   1084.4849568022030        1.8693182267673318      -0.51525393547185039      -0.47269224712822866        7.6903171546979787E-002 -0.99863594341892437       -5.6532982419871293E-002
   1087.3128184889549        1.8701050989448595      -0.51569169248715774      -0.47332770163168641        7.6833288954999732E-002 -0.99927239213316976       -5.6647951014831444E-002
   1090.1406801757068        1.8708905961338385      -0.51612864175953421      -0.47396208668690765        7.6763395028804166E-002 -0.99990775884185046       -5.6762813223285968E-002
   1092.9685418624588        1.8716747242183458      -0.51656478688581842      -0.47459540678263368        7.6693490093473329E-002  -1.0005420481348861       -5.6877569317303284E-002
   1095.7964035492105        1.8724574890423753      -0.51700013143758017      -0.47522766637747182        7.6623574470607067E-002  -1.0011752645710610       -5.6992219567912283E-002
   1098.6242652359624        1.8732388964102151      -0.51743467896135120      -0.47585886990017390        7.6553648478371400E-002  -1.0018074126783127       -5.7106764245114600E-002
   1101.4521269227143        1.8740189520868225      -0.51786843297887541      -0.47648902174990937        7.6483712431533804E-002  -1.0024384969540248       -5.7221203617883389E-002
   1104.2799886094663        1.8747976617981650      -0.51830139698733690      -0.47711812629654438        7.6413766641511158E-002  -1.0030685218652931       -5.7335537954162623E-002
   1107.1078502962182        1.8755750312316191      -0.51873357445959645      -0.47774618788089812        7.6343811416401300E-002  -1.0036974918492267       -5.7449767520884730E-002
   1109.9357119829701        1.8763510660362968      -0.51916496884442498      -0.47837321081501805        7.6273847061026551E-002  -1.0043254113132132       -5.7563892583960344E-002
   1112.7635736697221        1.8771257718234127      -0.51959558356672664      -0.47899919938243618        7.6203873876972167E-002  -1.0049522846351915       -5.7677913408290954E-002
   1115.5914353564740        1.8778991541666299      -0.52002542202776592      -0.47962415783843143        7.6133892162623160E-002  -1.0055781161639279       -5.7791830257770932E-002
   1118.4192970432259        1.8786712186024010      -0.52045448760539359      -0.48024809041028382        7.6063902213202500E-002  -1.0062029102192782       -5.7905643395287566E-002
   1121.2471587299779        1.8794419706303149      -0.52088278365425800      -0.48087100129752786        7.5993904320808742E-002  -1.0068266710924538       -5.8019353082732615E-002
   1124.0750204167298        1.8802114157134302      -0.52131031350603241      -0.48149289467220280        7.5923898774451132E-002  -1.0074494030462835       -5.8132959581000315E-002
   1126.9028821034817        1.8809795592786043      -0.52173708046962219      -0.48211377467910105        7.5853885860086387E-002  -1.0080711103154674       -5.8246463149992558E-002
   1129.7307437902336        1.8817464067168259      -0.52216308783138243      -0.48273364543601310        7.5783865860655358E-002  -1.0086917971068377       -5.8359864048622284E-002
   1132.5586054769856        1.8825119633835479      -0.52258833885532208      -0.48335251103396326        7.5713839056114118E-002  -1.0093114675996087       -5.8473162534823528E-002
   1135.3864671637375        1.8832762345989880      -0.52301283678331423      -0.48397037553745947        7.5643805723475385E-002  -1.0099301259456190       -5.8586358865545508E-002
   1138.2143288504894        1.8840392256484675      -0.52343658483529953      -0.48458724298471917        7.5573766136837126E-002  -1.0105477762695874       -5.8699453296765014E-002
   1141.0421905372414        1.8848009417827161      -0.52385958620949402      -0.48520311738790889        7.5503720567414959E-002  -1.0111644226693555       -5.8812446083485140E-002
   1143.8700522239933        1.8855613882181825      -0.52428184408257894      -0.48581800273337228        7.5433669283581833E-002  -1.0117800692161205       -5.8925337479743337E-002
   1146.6979139107452        1.8863205701373418      -0.52470336160990771      -0.48643190298186079        7.5363612550895021E-002  -1.0123947199546810       -5.9038127738611786E-002
   1149.5257755974972        1.8870784926889943      -0.52512414192569390      -0.48704482206875793        7.5293550632132125E-002  -1.0130083789036664       -5.9150817112203782E-002
   1152.3536372842489        1.8878351609885751      -0.52554418814321169      -0.48765676390430407        7.5223483787319939E-002  -1.0136210500557739       -5.9263405851675138E-002
   1155.1814989710008        1.8885905801184484      -0.52596350335498132      -0.48826773237381271        7.5153412273766720E-002  -1.0142327373780002       -5.9375894207234027E-002
   1158.0093606577527        1.8893447551281877      -0.52638209063295838      -0.48887773133789564        7.5083336346096000E-002  -1.0148434448118573       -5.9488282428136037E-002
   1160.8372223445047        1.8900976910348841      -0.52679995302872229      -0.48948676463267327        7.5013256256273364E-002  -1.0154531762736119       -5.9600570762696557E-002
   1163.6650840312566        1.8908493928234220      -0.52721709357365931      -0.49009483606999055        7.4943172253639306E-002  -1.0160619356544991       -5.9712759458289383E-002
   1166.4929457180085        1.8915998654467656      -0.52763351527914670      -0.49070194943762713        7.4873084584936300E-002  -1.0166697268209453       -5.9824848761353328E-002
   1169.3208074047604        1.8923491138262385      -0.52804922113672725      -0.49130810849950673        7.4802993494342107E-002  -1.0172765536147819       -5.9936838917396089E-002
   1172.1486690915124        1.8930971428518015      -0.52846421411829547      -0.49191331699590340        7.4732899223495686E-002  -1.0178824198534646       -6.0048730170996080E-002
   1174.9765307782643        1.8938439573823251      -0.52887849717626789      -0.49251757864364509        7.4662802011526433E-002  -1.0184873293302839       -6.0160522765808189E-002
   1177.8043924650162        1.8945895622458606      -0.52929207324375926      -0.49312089713631807        7.4592702095084340E-002  -1.0190912858145742       -6.0272216944566435E-002
   1180.6322541517682        1.8953339622399130      -0.52970494523475276      -0.49372327614446143        7.4522599708365125E-002  -1.0196942930519233       -6.0383812949091863E-002
   1183.4601158385201        1.8960771621317003      -0.53011711604427181      -0.49432471931577027        7.4452495083139891E-002  -1.0202963547643789       -6.0495311020292084E-002
   1186.2879775252720        1.8968191666584151      -0.53052858854855278      -0.49492523027528940        7.4382388448780201E-002  -1.0208974746506474       -6.0606711398162490E-002
   1189.1158392120240        1.8975599805274912      -0.53093936560519950      -0.49552481262560216        7.4312280032288278E-002  -1.0214976563863014       -6.0718014321801170E-002
   1191.9437008987759        1.8982996084168486      -0.53134945005335965      -0.49612346994703116        7.4242170058320331E-002  -1.0220969036239709       -6.0829220029400249E-002
   1194.7715625855278        1.8990380549751562      -0.53175884471388157      -0.49672120579781753        7.4172058749214495E-002  -1.0226952199935462       -6.0940328758256744E-002
   1197.5994242722797        1.8997753248220870      -0.53216755238947711      -0.49731802371431089        7.4101946325013601E-002  -1.0232926091023740       -6.1051340744778193E-002
   1200.4272859590317        1.9005114225485475      -0.53257557586487825      -0.49791392721115968        7.4031833003496667E-002  -1.0238890745354392       -6.1162256224479183E-002
   1203.2551476457836        1.9012463527169412      -0.53298291790699615      -0.49850891978148776        7.3961719000198531E-002  -1.0244846198555655       -6.1273075431991640E-002
   1206.0830093325355        1.9019801198614055      -0.53338958126507774      -0.49910300489707743        7.3891604528436294E-002  -1.0250792486036013       -6.1383798601066603E-002
   1208.9108710192875        1.9027127284880483      -0.53379556867085809      -0.49969618600855076        7.3821489799334325E-002  -1.0256729642986038       -6.1494425964576972E-002
   1211.7387327060392        1.9034441830751883      -0.53420088283871248      -0.50028846654554338        7.3751375021849114E-002  -1.0262657704380225       -6.1604957754522072E-002
   1214.5665943927911        1.9041744880735976      -0.53460552646580772      -0.50087984991688073        7.3681260402789980E-002  -1.0268576704978900       -6.1715394202035229E-002
   1217.3944560795430        1.9049036479067167      -0.53500950223225141      -0.50147033951075548        7.3611146146846732E-002  -1.0274486679329882       -6.1825735537378447E-002
   1220.2223177662950        1.9056316669708988      -0.53541281280123365      -0.50205993869489329        7.3541032456612213E-002  -1.0280387661770354       -6.1935981989956999E-002
   1223.0501794530469        1.9063585496356334      -0.53581546081918363      -0.50264865081672661        7.3470919532600765E-002  -1.0286279686428654       -6.2046133788314785E-002
   1225.8780411397988        1.9070843002437727      -0.53621744891590173      -0.50323647920356029        7.3400807573277632E-002  -1.0292162787225934       -6.2156191160144134E-002
   1228.7059028265508        1.9078089231117450      -0.53661877970471161      -0.50382342716274209        7.3330696775076559E-002  -1.0298036997877957       -6.2266154332283108E-002
   1231.5337645133027        1.9085324225297911      -0.53701945578259280      -0.50440949798182011        7.3260587332423618E-002  -1.0303902351896788       -6.2376023530727139E-002
   1234.3616262000546        1.9092548027621719      -0.53741947973032811      -0.50499469492871230        7.3190479437758665E-002  -1.0309758882592472       -6.2485798980627019E-002
   1237.1894878868065        1.9099760680473827      -0.53781885411263541      -0.50557902125186427        7.3120373281556961E-002  -1.0315606623074705       -6.2595480906293133E-002
   1240.0173495735585        1.9106962225983679      -0.53821758147830567      -0.50616248018041088        7.3050269052352595E-002  -1.0321445606254505       -6.2705069531200461E-002
   1242.8452112603104        1.9114152706027467      -0.53861566436034192      -0.50674507492432797        7.2980166936752688E-002  -1.0327275864845891       -6.2814565077995349E-002
   1245.6730729470623        1.9121332162229914      -0.53901310527608248      -0.50732680867459901        7.2910067119469638E-002  -1.0333097431367351       -6.2923967768492003E-002
   1248.5009346338143        1.9128500635966665      -0.53940990672734468      -0.50790768460335867        7.2839969783329586E-002  -1.0338910338143661       -6.3033277823683620E-002
   1251.3287963205662        1.9135658168366139      -0.53980607120054980      -0.50848770586405223        7.2769875109300650E-002  -1.0344714617307302       -6.3142495463740789E-002
   1254.1566580073181        1.9142804800311561      -0.54020160116685212      -0.50906687559158825        7.2699783276509986E-002  -1.0350510300800095       -6.3251620908015324E-002
   1256.9845196940701        1.9149940572443087      -0.54059649908226792      -0.50964519690248167        7.2629694462263389E-002  -1.0356297420374772       -6.3360654375048897E-002
   1259.8123813808220        1.9157065525159678      -0.54099076738780283      -0.51022267289500600        7.2559608842064846E-002  -1.0362076007596503       -6.3469596082572424E-002
   1262.6402430675739        1.9164179698621067      -0.54138440850957181      -0.51079930664934248        7.2489526589638476E-002  -1.0367846093844366       -6.3578446247510439E-002
   1265.4681047543259        1.9171283132749721      -0.54177742485893332      -0.51137510122772212        7.2419447876943266E-002  -1.0373607710312918       -6.3687205085981802E-002
   1268.2959664410776        1.9178375867232855      -0.54216981883259829      -0.51195005967456597        7.2349372874195156E-002  -1.0379360888013689       -6.3795872813314017E-002
   1271.1238281278295        1.9185457941524169      -0.54256159281276728      -0.51252418501663555        7.2279301749881925E-002  -1.0385105657776621       -6.3904449644031552E-002
   1273.9516898145814        1.9192529394845812      -0.54295274916723235      -0.51309748026316948        7.2209234670789005E-002  -1.0390842050251510       -6.4012935791871672E-002
   1276.7795515013333        1.9199590266190263      -0.54334329024951356      -0.51366994840602120        7.2139171802007546E-002  -1.0396570095909512       -6.4121331469780427E-002
   1279.6074131880853        1.9206640594322162      -0.54373321839896460      -0.51424159241979972        7.2069113306959767E-002  -1.0402289825044557       -6.4229636889920894E-002
   1282.4352748748372        1.9213680417780150      -0.54412253594088966      -0.51481241526200261        7.1999059347414532E-002  -1.0408001267774727       -6.4337852263678066E-002
   1285.2631365615891        1.9220709774878557      -0.54451124518666749      -0.51538241987315847        7.1929010083503539E-002  -1.0413704454043686       -6.4445977801651635E-002
   1288.0909982483411        1.9227728703709410      -0.54489934843385690      -0.51595160917695215        7.1858965673739630E-002  -1.0419399413622084       -6.4554013713673475E-002
   1290.9188599350930        1.9234737242143987      -0.54528684796631044      -0.51651998608036387        7.1788926275034276E-002  -1.0425086176108895       -6.4661960208801869E-002
   1293.7467216218449        1.9241735427834752      -0.54567374605428787      -0.51708755347379443        7.1718892042713769E-002  -1.0430764770932812       -6.4769817495331297E-002
   1296.5745833085969        1.9248723298216912      -0.54606004495456884      -0.51765431423120234        7.1648863130534826E-002  -1.0436435227353555       -6.4877585780787103E-002
   1299.4024449953488        1.9255700890510326      -0.54644574691055359      -0.51822027121022429        7.1578839690704596E-002  -1.0442097574463260       -6.4985265271941886E-002
   1302.2303066821007        1.9262668241720966      -0.54683085415238131      -0.51878542725231125        7.1508821873892819E-002  -1.0447751841187700       -6.5092856174803301E-002
   1305.0581683688526        1.9269625388642870      -0.54721536889703237      -0.51934978518284647        7.1438809829249578E-002  -1.0453398056287708       -6.5200358694630547E-002
   1307.8860300556046        1.9276572367859630      -0.54759929334843283      -0.51991334781127385        7.1368803704420170E-002  -1.0459036248360414       -6.5307773035933353E-002
   1310.7138917423565        1.9283509215746066      -0.54798262969756328      -0.52047611793122406        7.1298803645563333E-002  -1.0464666445840505       -6.5415099402471172E-002
   1313.5417534291084        1.9290435968469886      -0.54836538012255687      -0.52103809832063119        7.1228809797364470E-002  -1.0470288677001509       -6.5522337997263133E-002
   1316.3696151158604        1.9297352661993368      -0.54874754678880799      -0.52159929174185737        7.1158822303050970E-002  -1.0475902969957105       -6.5629489022590179E-002
   1319.1974768026123        1.9304259332074754      -0.54912913184907153      -0.52215970094181563        7.1088841304408706E-002  -1.0481509352662230       -6.5736552679990193E-002
   1322.0253384893642        1.9311156014270121      -0.54951013744356203      -0.52271932865208015        7.1018866941795294E-002  -1.0487107852914481       -6.5843529170275722E-002
   1324.8532001761159        1.9318042743934698      -0.54989056570005523      -0.52327817758901274        7.0948899354156533E-002  -1.0492698498355195       -6.5950418693525220E-002
   1327.6810618628679        1.9324919556224551      -0.55027041873398763      -0.52383625045387472        7.0878938679039188E-002  -1.0498281316470719       -6.6057221449089529E-002
   1330.5089235496198        1.9331786486098137      -0.55064969864855096      -0.52439354993294129        7.0808985052606188E-002  -1.0503856334593595       -6.6163937635600883E-002
   1333.3367852363717        1.9338643568317728      -0.55102840753479165      -0.52495007869762056        7.0739038609651791E-002  -1.0509423579903747       -6.6270567450967530E-002
   1336.1646469231237        1.9345490837451007      -0.55140654747170403      -0.52550583940456186        7.0669099483614786E-002  -1.0514983079429632       -6.6377111092383215E-002
   1338.9925086098756        1.9352328327872546      -0.55178412052633097      -0.52606083469576925        7.0599167806590382E-002  -1.0520534860049431       -6.6483568756326702E-002
   1341.8203702966275        1.9359156073765211      -0.55216112875384660      -0.52661506719871498        7.0529243709349987E-002  -1.0526078948492130       -6.6589940638568004E-002
   1344.6482319833794        1.9365974109121751      -0.55253757419766170      -0.52716853952644527        7.0459327321346757E-002  -1.0531615371338763       -6.6696226934169184E-002
   1347.4760936701314        1.9372782467746148      -0.55291345888950660      -0.52772125427769145        7.0389418770735304E-002  -1.0537144155023448       -6.6802427837489464E-002
   1350.3039553568833        1.9379581183255157      -0.55328878484952626      -0.52827321403697491        7.0319518184381258E-002  -1.0542665325834566       -6.6908543542189516E-002
   1353.1318170436352        1.9386370289079540      -0.55366355408637158      -0.52882442137472285        7.0249625687877695E-002  -1.0548178909915766       -6.7014574241225894E-002
   1355.9596787303872        1.9393149818465725      -0.55403776859728482      -0.52937487884736023        7.0179741405553372E-002  -1.0553684933267222       -6.7120520126868768E-002
   1358.7875404171391        1.9399919804477017      -0.55441143036818785      -0.52992458899742412        7.0109865460491430E-002  -1.0559183421746550       -6.7226381390694964E-002
   1361.6154021038910        1.9406680279994997      -0.55478454137377908      -0.53047355435366872        7.0039997974536319E-002  -1.0564674401069960       -6.7332158223587554E-002
   1364.4432637906430        1.9413431277721012      -0.55515710357760317      -0.53102177743115753        6.9970139068311149E-002  -1.0570157896813337       -6.7437850815754721E-002
   1367.2711254773949        1.9420172830177409      -0.55552911893215273      -0.53156926073137645        6.9900288861226664E-002  -1.0575633934413244       -6.7543459356716545E-002
   1370.0989871641468        1.9426904969708934      -0.55590058937894493      -0.53211600674232762        6.9830447471494181E-002  -1.0581102539168008       -6.7648984035317147E-002
   1372.9268488508988        1.9433627728484013      -0.55627151684861031      -0.53266201793863488        6.9760615016139185E-002  -1.0586563736238710       -6.7754425039721913E-002
   1375.7547105376507        1.9440341138496167      -0.55664190326096974      -0.53320729678163437        6.9690791611011049E-002  -1.0592017550650252       -6.7859782557428902E-002
   1378.5825722244026        1.9447045231565179      -0.55701175052512386      -0.53375184571948298        6.9620977370797324E-002  -1.0597464007292323       -6.7965056775261642E-002
   1381.4104339111545        1.9453740039338530      -0.55738106053952907      -0.53429566718724508        6.9551172409033052E-002  -1.0602903130920447       -6.8070247879382623E-002
   1384.2382955979062        1.9460425593292561      -0.55774983519208376      -0.53483876360699767        6.9481376838114159E-002  -1.0608334946156943       -6.8175356055286448E-002
   1387.0661572846582        1.9467101924733783      -0.55811807636020472      -0.53538113738791948        6.9411590769307863E-002  -1.0613759477491920       -6.8280381487808545E-002
   1389.8940189714101        1.9473769064800222      -0.55848578591090670      -0.53592279092638584        6.9341814312762859E-002  -1.0619176749284280       -6.8385324361130428E-002
   1392.7218806581620        1.9480427044462498      -0.55885296570088250      -0.53646372660606678        6.9272047577524129E-002  -1.0624586785762631       -6.8490184858775865E-002
   1395.5497423449140        1.9487075894525183      -0.55921961757658201      -0.53700394679801366        6.9202290671538977E-002  -1.0629989611026300       -6.8594963163618697E-002
   1398.3776040316659        1.9493715645627971      -0.55958574337428657      -0.53754345386075664        6.9132543701671975E-002  -1.0635385249046239       -6.8699659457883658E-002
   1401.2054657184178        1.9500346328246911      -0.55995134492018517      -0.53808225014038924        6.9062806773714458E-002  -1.0640773723665973       -6.8804273923151707E-002
   1404.0333274051698        1.9506967972695546      -0.56031642403045323      -0.53862033797066577        6.8993079992394346E-002  -1.0646155058602542       -6.8908806740358777E-002
   1406.8611890919217        1.9513580609126238      -0.56068098251132559      -0.53915771967308324        6.8923363461387069E-002  -1.0651529277447445       -6.9013258089804200E-002
   1409.6890507786736        1.9520184267531160      -0.56104502215916963      -0.53969439755697579        6.8853657283327388E-002  -1.0656896403667480       -6.9117628151148830E-002
   1412.5169124654255        1.9526778977743611      -0.56140854476056279      -0.54023037391959750        6.8783961559816961E-002  -1.0662256460605728       -6.9221917103419323E-002
