        nu_e/omega_T             omega_r             omega_i            omega1_r            omega1_i            omega2_r            omega2_i            omega3_r            omega3_i
  0.14142121481609468       0.63108534873744027       0.21166182196292857       0.46516305200801078      -0.27421739315521898        1.1528289912377532E-003  0.15202988515517302     
  0.42426365788257864       0.67224354523298713       0.26327888429276680       0.47352706501536945      -0.34775821144869651       -6.4127955700584161E-002  0.16186539708960165     
  0.70710610094906257       0.69493090273313707       0.29065215698345415       0.47934169350770700      -0.38652133681110068       -9.9177583560033311E-002  0.16782658833148345     
  0.98994854401554644       0.71123708861514312       0.30996387242581314       0.48386723124025344      -0.41376268128218474      -0.12405511236460137       0.17229230156949518     
   1.2727909870820304       0.72416332717571164       0.32508845241210277       0.48761514190139033      -0.43503952817290503      -0.14361650189949138       0.17592446234426007     
   1.5556334301485142       0.73496226721908342       0.33761247670443889       0.49083694369714048      -0.45262167725399188      -0.15986209492128511       0.17901460644174236     
   1.8384758732149982       0.74428596343329223       0.34835099214899862       0.49367611981759957      -0.46767251356159661      -0.17382377003539429       0.18171990635321200     
   2.1213183162814819       0.75252030738391174       0.35778150437867023       0.49622289631235295      -0.48087229856834812      -0.18610800502571512       0.18413580115511988     
   2.4041607593479659       0.75991393652633810       0.36620918219938869       0.49853802118970569      -0.49265505100374646      -0.19710340255358449       0.18632503279333906     
   2.6870032024144499       0.76663709738705021       0.37384156183078776       0.50066451666059475      -0.50331550103657974      -0.20707481751742429       0.18833127097224317     
   2.9698456454809339       0.77281182287400729       0.38082654029547408       0.50263406206873140      -0.51306341034551217      -0.21621134894763649       0.19018625077702245     
   3.2526880885474179       0.77852877307831592       0.38727343493764571       0.50447071813329158      -0.52205364348986061      -0.22465299848522513       0.19191382747617639     
   3.5355305316139019       0.78385726609264639       0.39326545364498761       0.50619322582179493      -0.53040395392170137      -0.23250648531976237       0.19353242835397944     
   3.8183729746803858       0.78885156983606275       0.39886747647733234       0.50781649140098051      -0.53820607103322282      -0.23985513118978574       0.19505661077619174     
   4.1012154177468698       0.79355501848394083       0.40413112338468782       0.50935258244042347      -0.54553291347450272      -0.24676530737022995       0.19649809326386350     
   4.3840578608133534       0.79800280168244286       0.40909817375307339       0.51081141719458989      -0.55244345210613344      -0.25329079069317373       0.19786646125096435     
   4.6669003038798378       0.80222391126905190       0.41380294405729912       0.51220125473417832      -0.55898608844529063      -0.25947579601577908       0.19916966416740162     
   4.9497427469463213       0.80624253488976128       0.41827398409008942       0.51352905157388395      -0.56520106298894546      -0.26535714200637117       0.20041437423232494     
   5.2325851900128049       0.81007907584051830       0.42253531429820873       0.51480072644717112      -0.57112221071703639      -0.27096583262965868       0.20160625099464641     
   5.5154276330792893       0.81375091388408793       0.42660734612813295       0.51602136040367075      -0.57677826596547399      -0.27632823459788258       0.20275014004692415     
   5.7982700761457728       0.81727298255670788       0.43050757846321097       0.51719535042469622      -0.58219384920577200      -0.28146696915640779       0.20385022476900161     
   6.0811125192122573       0.82065821389798999       0.43425113274762539       0.51832652902147736      -0.58739022480120728      -0.28640159787960939       0.20491014391341322     
   6.3639549622787408       0.82391788571742497       0.43785116982960653       0.51941825853071255      -0.59238589093498717      -0.29114915730093105       0.20593308392538651     
   6.6467974053452252       0.82706189608198677       0.44131921869661028       0.52047350631214462      -0.59719704459305056      -0.29572458084969688       0.20692185228848742     
   6.9296398484117088       0.83009898268533777       0.44466543863622349       0.52149490533948195      -0.60183795218923430      -0.30014103557371508       0.20787893642346872     
   7.2124822914781923       0.83303689993590646       0.44789883043931955       0.52248480348452797      -0.60632124800362130      -0.30441019359061039       0.20880655144946392     
   7.4953247345446767       0.83588256323086185       0.45102740813670761       0.52344530395212763      -0.61065817673987965      -0.30854245295311000       0.20970667926058625     
   7.7781671776111603       0.83864216748986486       0.45405833983799604       0.52437829871925268      -0.61485879235461038      -0.31254711888595144       0.21058110075973616     
   8.0610096206776447       0.84132128529882666       0.45699806414029159       0.52528549639177791      -0.61893212232732409      -0.31643255367064860       0.21143142264923734     
   8.3438520637441282       0.84392494875479973       0.45985238704343717       0.52616844556874398      -0.62288630436661041      -0.32020630149899654       0.21225909985297203     
   8.6266945068106118       0.84645771817328530       0.46262656317915335       0.52702855456207987      -0.62672870094500033      -0.32387519317322122       0.21306545440408237     
   8.9095369498770953       0.84892374012328298       0.46532536431849825       0.52786710813807836      -0.63046599585982321      -0.32744543445270602       0.21385169145106706     
   9.1923793929435806       0.85132679673019429       0.46795313748654188       0.52868528180815344      -0.63410427611594766      -0.33092268103422551       0.21461891289801027     
   9.4752218360100642       0.85367034778587059       0.47051385452880973       0.52948415409006833      -0.63764910173990685      -0.33431210253276844       0.21536812908973060     
   9.7580642790765477       0.85595756689596592       0.47301115460204296       0.53026471707838252      -0.64110556560808707      -0.33761843735329178       0.21610026887092607     
   10.040906722143031       0.85819137265568335       0.47544838077317003       0.53102788559816605      -0.64447834496237544      -0.34084603997423157       0.21681618828567645     
   10.323749165209517       0.86037445565681248       0.47782861168477947       0.53177450516557401      -0.64777174596779830      -0.34399892187412551       0.21751667813348646     
   10.606591608276000       0.86250930198133824       0.48015468906782244       0.53250535893838236      -0.65098974241499385      -0.34708078710511636       0.21820247055899689     
   10.889434051342484       0.86459821371920831       0.48242924174137286       0.53322117380753087      -0.65413600947119988      -0.35009506333623697       0.21887424482101137     
   11.172276494408967       0.86664332695396173       0.48465470662672899       0.53392262575487770      -0.65721395322419740      -0.35304492904497053       0.21953263236145715     
   11.455118937475451       0.86864662758420341       0.48683334721291899       0.53461034458141610      -0.66022673663606934      -0.35593333741958366       0.22017822127443015     
   11.737961380541936       0.87060996528793166       0.48896726983730437       0.53528491809335377      -0.66317730242000272      -0.35876303744070703       0.22081156025935667     
   12.020803823608420       0.87253506588660246       0.49105843808585065       0.53594689581953003      -0.66606839326985978      -0.36153659253436665       0.22143316212845005     
   12.303646266674903       0.87442354232559794       0.49310868556905896       0.53659679232198432      -0.66890256980320073      -0.36425639712649960       0.22204350692811053     
   12.586488709741387       0.87627690445348716       0.49511972728947828       0.53723509015264126      -0.67168222652268272      -0.36692469137713879       0.22264304472425694     
   12.869331152807870       0.87809656775563460       0.49709316978408691       0.53786224250059211      -0.67440960605371392      -0.36954357433077689       0.22323219809466244     
   13.152173595874356       0.87988386117408179       0.49903052019735239       0.53847867556842921      -0.67708681187816555      -0.37211501568380734       0.22381136436464066     
   13.435016038940839       0.88164003412678038       0.50093319441804229       0.53908479071050064      -0.67971581975161477      -0.37464086634082527       0.22438091761747453     
   13.717858482007323       0.88336626282308817       0.50280252439404083       0.53968096636125684      -0.68229848796495773      -0.37712286790719352       0.22494121050638760     
   14.000700925073806       0.88506365595912717       0.50463976472325445       0.54026755977811947      -0.68483656658847991      -0.37956266124461191       0.22549257589141627     
   14.283543368140291       0.88673325986494345       0.50644609860521783       0.54084490862017787      -0.68733170581773806      -0.38196179419893994       0.22603532832117751     
   14.566385811206775       0.88837606316599960       0.50822264322706323       0.54141333238076750      -0.68978546352456238      -0.38432172859532876       0.22656976537685530     
   14.849228254273259       0.88999300101340040       0.50997045464703705       0.54197313369029010      -0.69219931210244701      -0.38664384658258388       0.22709616889392487     
   15.132070697339742       0.89158495892997980       0.51169053223143823       0.54252459950297449      -0.69457464468467556      -0.38892945639870891       0.22761480607449303     
   15.414913140406226       0.89315277631365009       0.51338382269308513       0.54306800218004636      -0.69691278080307506      -0.39117979761999622       0.22812593050205332     
   15.697755583472711       0.89469724963433017       0.51505122377383061       0.54360360047989142      -0.69921497154697099      -0.39339604594864197       0.22862978306885015     
   15.980598026539194       0.89621913535607856       0.51669358760830564       0.54413164046477980      -0.70148240427478181      -0.39557931758690013       0.22912659282464792     
   16.263440469605680       0.89771915261263135       0.51831172380148172       0.54465235633253062      -0.70371620692402681      -0.39773067324009848       0.22961657775503391     
   16.546282912672162       0.89919798566090481       0.51990640224911167       0.54516597118040311      -0.70591745196053601      -0.39985112178596305       0.23009994549599336     
   16.829125355738647       0.90065628613447091       0.52147835572625922       0.54567269770795890      -0.70808716000243477      -0.40194162364308927       0.23057689399121145     
   17.111967798805129       0.90209467511620323       0.52302828226697307       0.54617273886440021      -0.71022630315103030      -0.40400309386812194       0.23104761209720046     
   17.394810241871614       0.90351374504758553       0.52455684735450614       0.54666628844599319      -0.71233580805621177      -0.40603640500719518       0.23151228014170017     
   17.677652684938099       0.90491406148967135       0.52606468594061051       0.54715353164777947      -0.71441655874205701      -0.40804238972517370       0.23197107043906537     
   17.960495128004581       0.90629616474967878       0.52755240430927963       0.54763464557398833      -0.71646939921443242      -0.41002184323299706       0.23242414776706771     
   18.243337571071066       0.90766057138522316       0.52902058179939937       0.54810979971073115      -0.71849513587083580      -0.41197552553165662       0.23287166980827340     
   18.526180014137548       0.90900777559720747       0.53046977239892623       0.54857915636432408      -0.72049453973019562      -0.41390416348923897       0.23331378755923346     
   18.809022457204033       0.91033825052120398       0.53190050622202345       0.54904287106815775      -0.72246834849860775      -0.41580845276585443       0.23375064571028351     
   19.091864900270519       0.91165244942597312       0.53331329087930313       0.54950109296094141      -0.72441726848545063      -0.41768905959956015       0.23418238299837207     
   19.374707343337001       0.91295080682738028       0.53470861275042525       0.54995396513850658      -0.72634197638251419      -0.41954662246542318       0.23460913253543997     
   19.657549786403486       0.91423373952438125       0.53608693816727937       0.55040162498164946      -0.72824312091814802      -0.42138175361817698       0.23503102211401994     
   19.940392229469968       0.91550164756400354       0.53744871451528320       0.55084420446166971      -0.73012132439650768      -0.42319504052846524       0.23544817449228556     
   20.223234672536453       0.91675491514084650       0.53879437125949903       0.55128183042559975      -0.73197718413162438      -0.42498704722123504       0.23586070765998271     
   20.506077115602938       0.91799391143640463       0.54012432090166851       0.55171462486271761      -0.73381127378481548      -0.42675831552421473       0.23626873508678767     
   20.788919558669420       0.91921899140321350       0.54143895987369450       0.55214270515372776      -0.73562414461301884      -0.42850936623376457       0.23667236595465638     
   21.071762001735905       0.92043049649782660       0.54273866937266624       0.55256618430403670      -0.73741632663541579      -0.43024070020451832       0.23707170537508854     
   21.354604444802387       0.92162875536695243       0.54402381614185491       0.55298517116227452      -0.73918832972434600      -0.43195279936881426       0.23746685459284189     
   21.637446887868872       0.92281408448999669       0.54529475320199461       0.55339977062519941      -0.74094064462670717      -0.43364612769127353       0.23785791117674956     
   21.920289330935358       0.92398678878153984       0.54655182053646278       0.55381008383002606      -0.74267374392085017      -0.43532113206342282       0.23824496919889082     
   22.203131774001839       0.92514716215663528       0.54779534573391009       0.55421620833506280      -0.74438808291394609      -0.43697824314287692       0.23862811940283851     
   22.485974217068325       0.92629548806156459       0.54902564459153824       0.55461823828951062      -0.74608410048433227      -0.43861787614117131       0.23900744936166782     
   22.768816660134807       0.92743203997290669       0.55024302168173833       0.55501626459317732      -0.74776221987250369      -0.44024043156401838       0.23938304362684368     
   23.051659103201292       0.92855708186671981       0.55144777088484787       0.55541037504694779      -0.74942284942491011      -0.44184629590728064       0.23975498386816557     
   23.334501546267777       0.92967086866025939       0.55264017589055814       0.55580065449441096      -0.75106638329373931      -0.44343584231206090       0.24012334900560306     
   23.617343989334259       0.93077364662819995       0.55382051066982962       0.55618718495553177      -0.75269320209556134      -0.44500943118150404       0.24048821533379647     
   23.900186432400744       0.93186565379486697       0.55498903991974080       0.55657004575272007      -0.75430367353212702      -0.44656741076216255       0.24084965663931537     
   24.183028875467230       0.93294712030433413       0.55614601948294673       0.55694931362985689      -0.75589815297563534      -0.44811011769230835       0.24120774431144315     
   24.465871318533711       0.93401826876978056       0.55729169674350787       0.55732506286477546      -0.75747698402100239      -0.44963787751940765       0.24156254744681435     
   24.748713761600197       0.93507931460361404       0.55842631100058759       0.55769736537563652      -0.75904049900719595      -0.45115100518881535       0.24191413294846154     
   25.031556204666678       0.93613046632934949       0.55955009382173293       0.55806629082153414      -0.76058901951007074      -0.45264980550566369       0.24226256561926879     
   25.314398647733164       0.93717192587687004       0.56066326937677025       0.55843190669774745      -0.76212285680803193      -0.45413457357165554       0.24260790825072878     
   25.597241090799649       0.93820388886168349       0.56176605475381070       0.55879427842600760      -0.76364231232282265      -0.45560559519835997       0.24295022170678188     
   25.880083533866131       0.93922654484955337       0.56285866025843223       0.55915346943998356      -0.76514767803668193      -0.45706314729862885       0.24328956500340285     
   26.162925976932616       0.94024007760725714       0.56394128969704305       0.55950954126643626      -0.76663923688749036      -0.45850749825737458       0.24362599538408267     
   26.445768419999098       0.94124466534027162       0.56501414064553879       0.55986255360222303      -0.76811726314341000      -0.45993890828307737       0.24395956839134059     
   26.728610863065583       0.94224048091844070       0.56607740470408929       0.56021256438736877      -0.76958202275804088      -0.46135762974127059       0.24429033793476548     
   27.011453306132069       0.94322769209011592       0.56713126773896927       0.56055962987449570      -0.77103377370753279      -0.46276390747104279       0.24461835635555118     
   27.294295749198550       0.94420646168560340       0.56817591011210944       0.56090380469486889      -0.77247276631059159      -0.46415797908555811       0.24494367448791149     
   27.577138192265036       0.94517694781046913       0.56921150689924327       0.56124514192117714      -0.77389924353253881      -0.46554007525762953       0.24526634171741377     
   27.859980635331517       0.94613930402940116       0.57023822809723956       0.56158369312727829      -0.77531344127426416      -0.46691041999120531       0.24558640603654208     
   28.142823078398003       0.94709367954109147       0.57125623882132881       0.56191950844506577      -0.77671558864706980      -0.46826923087961314       0.24590391409753656     
   28.425665521464488       0.94804021934480232       0.57226569949272232       0.56225263661862401      -0.77810590823406223      -0.46961671935132587       0.24621891126283402     
   28.708507964530970       0.94897906439882251       0.57326676601726623       0.56258312505590635      -0.77948461633915822      -0.47095309090390902       0.24653144165296778     
   28.991350407597455       0.94991035177162775       0.57425958995555693       0.56291101987795145      -0.78085192322405572      -0.47227854532692470       0.24684154819241994     
   29.274192850663937       0.95083421478578189       0.57524431868518355       0.56323636596582349      -0.78220803333428102      -0.47359327691438846       0.24714927265312073     
   29.557035293730422       0.95175078315549788       0.57622109555524104       0.56355920700539885      -0.78355314551432442      -0.47489747466736254       0.24745465569632452     
   29.839877736796907       0.95266018311740930       0.57719006003386375       0.56387958553023598      -0.78488745321332898      -0.47619132248710916       0.24775773691209371     
   30.122720179863389       0.95356253755593678       0.57815134784889732       0.56419754296236380      -0.78621114468084308      -0.47747499935959858       0.24805855485753342     
   30.405562622929875       0.95445796612265033       0.57910509112228881       0.56451311965136697      -0.78752440315405803      -0.47874867953157618       0.24835714709296769     
   30.688405065996356       0.95534658535036132       0.58005141849842012       0.56482635491174826      -0.78882740703657428      -0.48001253267874866       0.24865355021657881     
   30.971247509062842       0.95622850876240950       0.58099045526671289       0.56513728705857313      -0.79012033006899784      -0.48126672406660609       0.24894779989775007     
   31.254089952129327       0.95710384697683881       0.58192232347885753       0.56544595344171400      -0.79140334149231140      -0.48251141470403247       0.24923993090867086     
   31.536932395195809       0.95797270780630783       0.58284714206096366       0.56575239047847437      -0.79267660620390101      -0.48374676149038776       0.24952997715478603     
   31.819774838262294       0.95883519635359304       0.58376502692073440       0.56605663368499026      -0.79394028490686197      -0.48497291735607362       0.24981797170391654     
   32.102617281328776       0.95969141510302269       0.58467609105024998       0.56635871770613977      -0.79519453425299957      -0.48619003139726447       0.25010394681405262     
   32.385459724395261       0.96054146400811613       0.58558044462414971       0.56665867634437161      -0.79643950697956511      -0.48739824900475470       0.25038793396016001     
   32.668302167461746       0.96138544057551423       0.58647819509383414       0.56695654258722972      -0.79767535204034323      -0.48859771198750568       0.25066996385976492     
   32.951144610528232       0.96222343994539838       0.58736944727772633       0.56725234863376905      -0.79890221473126855      -0.48978855869102345       0.25095006649746820     
   33.233987053594710       0.96305555496858031       0.58825430344777951       0.56754612591992615      -0.80012023681085631      -0.49097092411082199       0.25122827114845381     
   33.516829496661195       0.96388187628067545       0.58913286341226467       0.56783790514289478      -0.80132955661539018      -0.49214494000120568       0.25150460640133010     
   33.799671939727681       0.96470249237289829       0.59000522459557736       0.56812771628438463      -0.80253030916993628      -0.49331073497978162       0.25177910017953764     
   34.082514382794166       0.96551748966036477       0.59087148211432439       0.56841558863321362      -0.80372262629432734      -0.49446843462750434       0.25205177976245752     
   34.365356825860651       0.96632695254740186       0.59173172885087588       0.56870155080670837      -0.80490663670538198      -0.49561816158502769       0.25232267180519458     
   34.648199268927129       0.96713096349055083       0.59258605552359811       0.56898563077148168      -0.80608246611463608      -0.49676003564503091       0.25259180235802392     
   34.931041711993615       0.96792960305886211       0.59343455075444018       0.56926785586342321      -0.80725023732247991      -0.49789417384089707       0.25285919688481417     
   35.213884155060100       0.96872294999198605       0.59427730113399813       0.56954825280675481      -0.80841007030856060      -0.49902069053210574       0.25312488028080349     
   35.496726598126585       0.96951108125604479       0.59511439128397903       0.56982684773241798      -0.80956208231861770      -0.50013969748626497       0.25338887688975426     
   35.779569041193071       0.97029407209719376       0.59594590391718261       0.57010366619592767      -0.81070638794808758      -0.50125130395783668       0.25365121052034739     
   36.062411484259549       0.97107199609338113       0.59677191989533007       0.57037873319432564      -0.81184309922238762      -0.50235561676409868       0.25391190446209377     
   36.345253927326034       0.97184492520407040       0.59759251828454762       0.57065207318268452      -0.81297232567415190      -0.50345274035805521       0.25417098150065232     
   36.628096370392520       0.97261292981800573       0.59840777640896414       0.57092371008988230      -0.81409417441775511      -0.50454277689873728       0.25442846393239810     
   36.910938813459005       0.97337607879938692       0.59921776990214137       0.57119366733386334      -0.81520875022081218      -0.50562582631882913       0.25468437357869578     
   37.193781256525490       0.97413443953214474       0.60002257275673243       0.57146196783632353      -0.81631615557327386      -0.50670198638981256       0.25493873179941340     
   37.476623699591975       0.97488807796288213       0.60082225737216755       0.57172863403686969      -0.81741649075366329      -0.50777135278473362       0.25519155950626826     
   37.759466142658454       0.97563705864198513       0.60161689460074885       0.57199368790667204      -0.81850985389320918      -0.50883401913867776       0.25544287717538272     
   38.042308585724939       0.97638144476333133       0.60240655379201768       0.57225715096165619      -0.81959634103756318      -0.50989007710704737       0.25569270485948831     
   38.325151028791424       0.97712129820274718       0.60319130283548938       0.57251904427517730      -0.82067604620613521      -0.51093961642179964       0.25594106219986384     
   38.607993471857910       0.97785667955486644       0.60397120820200623       0.57277938849025589      -0.82174906144958981      -0.51198272494568808       0.25618796843757952     
   38.890835914924395       0.97858764816883281       0.60474633498334440       0.57303820383155168      -0.82281547690504386      -0.51301948872441561       0.25643344242461241     
   39.173678357990873       0.97931426218275264       0.60551674693087409       0.57329551011655955      -0.82387538084955036      -0.51404999203734014       0.25667750263435374     
   39.456520801057358       0.98003657855688309       0.60628250649239523       0.57355132676685572      -0.82492885975153507      -0.51507431744597088       0.25692016717193228     
   39.739363244123844       0.98075465310581500       0.60704367484800958       0.57380567281863504      -0.82597599832049762      -0.51609254584112441       0.25716145378414973     
   40.022205687190329       0.98146854052930710       0.60780031194468798       0.57405856693307689      -0.82701687955517089      -0.51710475648827869       0.25740137986890049     
   40.305048130256814       0.98217829444242777       0.60855247652964439       0.57431002740619630      -0.82805158478973662      -0.51811102707154699       0.25763996248458809     
   40.587890573323293       0.98288396740432549       0.60930022618248059       0.57456007217863658      -0.82908019373871866      -0.51911143373590019       0.25787721835896843     
   40.870733016389778       0.98358561094632324       0.61004361734644030       0.57480871884482643      -0.83010278454022302      -0.52010605112828212       0.25811316389785377     
   41.153575459456263       0.98428327559889406       0.61078270535852064       0.57505598466201691      -0.83111943379783892      -0.52109495243717352       0.25834781519341821     
   41.436417902522749       0.98497701091776457       0.61151754447853979       0.57530188655905112      -0.83213021662110964      -0.52207820943081795       0.25858118803226982     
   41.719260345589234       0.98566686550937810       0.61224818791732494       0.57554644114468023      -0.83313520666452157      -0.52305589249436413       0.25881329790340912     
   42.002102788655712       0.98635288705513757       0.61297468786396481       0.57578966471581339      -0.83413447616555203      -0.52402807066558965       0.25904416000559710     
   42.284945231722197       0.98703512233528845       0.61369709551213192       0.57603157326533461      -0.83512809598108506      -0.52499481166963713       0.25927378925487776     
   42.567787674788683       0.98771361725176487       0.61441546108554224       0.57627218248981482      -0.83611613562288034      -0.52595618195248683       0.25950220029163346     
   42.850630117855168       0.98838841685028000       0.61512983386276665       0.57651150779685034      -0.83709866329200910      -0.52691224671348880       0.25972940748731010     
   43.133472560921653       0.98905956534198225       0.61584026220100030       0.57674956431225877      -0.83807574591183709      -0.52786306993677601       0.25995542495128698     
   43.416315003988132       0.98972710612419235       0.61654679355924158       0.57698636688702232      -0.83904744916025087      -0.52880871442170629       0.26018026653724641     
   43.699157447054617       0.99039108180047419       0.61724947452070933       0.57722193010406331      -0.84001383750086001      -0.52974924181231187       0.26040394584934690     
   43.981999890121102       0.99105153420037773       0.61794835081459387       0.57745626828462426      -0.84097497421299661      -0.53068471262600714       0.26062647624844576     
   44.264842333187588       0.99170850439815617       0.61864346733697229       0.57768939549480725      -0.84193092142105075      -0.53161518628106186       0.26084787085785022     
   44.547684776254073       0.99236203273127399       0.61933486817139505       0.57792132555145681      -0.84288174012275097      -0.53254072112368167       0.26106814256905359     
   44.830527219320551       0.99301215881802374       0.62002259660843118       0.57815207202838337      -0.84382749021664993      -0.53346137445374497       0.26128730404721845     
   45.113369662387036       0.99365892157502700       0.62070669516497212       0.57838164826188354      -0.84476823052858918      -0.53437720255026999       0.26150536773668148     
   45.396212105453522       0.99430235923378540       0.62138720560275407       0.57861006735648268      -0.84570401883762880      -0.53528826069573132       0.26172234586602561     
   45.679054548520007       0.99494250935689288       0.62206416894643057       0.57883734219033256      -0.84663491190111340      -0.53619460319981727       0.26193825045308383     
   45.961896991586492       0.99557940885391227       0.62273762550098066       0.57906348542048636      -0.84756096547880411      -0.53709628342244453       0.26215309330998537     
   46.244739434652971       0.99621309399666125       0.62340761486877194       0.57928850948793142      -0.84848223435647707      -0.53799335379617763       0.26236688604786135     
   46.527581877719456       0.99684360043387288       0.62407417596589432       0.57951242662275892      -0.84939877236886996      -0.53888586584770493       0.26257964008137474     
   46.810424320785941       0.99747096320577244       0.62473734703828765       0.57973524884877392      -0.85031063242178939      -0.53977387021909429       0.26279136663328007     
   47.093266763852426       0.99809521675805257       0.62539716567711234       0.57995698798831385      -0.85121786651358533      -0.54065741668809109       0.26300207673884196     
   47.376109206918912       0.99871639495540199       0.62605366883391711       0.58017765566673996      -0.85212052575616415      -0.54153655418801905       0.26321178124996575     
   47.658951649985390       0.99933453109463410       0.62670689283523906       0.58039726331691688      -0.85301866039533136      -0.54241133082698811       0.26342049083926899     
   47.941794093051875       0.99994965791766854       0.62735687339682056       0.58061582218342811      -0.85391231983038496      -0.54328179390669784       0.26362821600421399     
   48.224636536118361        1.0005618076238698       0.62800364563732658       0.58083334332688652      -0.85480155263332991      -0.54414798994048608       0.26383496707093546     
   48.507478979184846        1.0011710118822621       0.62864724409191786       0.58104983762780793      -0.85568640656748085      -0.54500996467119101       0.26404075419803197     
   48.790321422251331        1.0017773018430751       0.62928770272517964       0.58126531579076002      -0.85656692860569272      -0.54586776308812013       0.26424558738010068     
   49.073163865317809        1.0023807081494773       0.62992505494377660       0.58147978834807446      -0.85744316494768236      -0.54672142944387780       0.26444947645157096     
   49.356006308384295        1.0029812609484003       0.63055933360886585       0.58169326566364876      -0.85831516103742955      -0.54757100727052610       0.26465243108987296     
   49.638848751450780        1.0035789899016647       0.63119057104800136       0.58190575793648702      -0.85918296157949348      -0.54841653939545776       0.26485446081911879     
   49.921691194517265        1.0041739241961927       0.63181879906682392       0.58211727520435785      -0.86004661055546516      -0.54925806795662613       0.26505557501310367     
   50.204533637583751        1.0047660925544721       0.63244404896033868       0.58232782734716060      -0.86090615123946079      -0.55009563441754472       0.26525578289872925     
   50.487376080650229        1.0053555232444094       0.63306635152397506       0.58253742409029530      -0.86176162621352692      -0.55092927958178983       0.26545509355900510     
   50.770218523716714        1.0059422440889958       0.63368573706432485       0.58274607500791897      -0.86261307738254533      -0.55175904360713524       0.26565351593605208     
   51.053060966783200        1.0065262824759114       0.63430223540952202       0.58295378952607990      -0.86346054598853250      -0.55258496601934226       0.26585105883422955     
   51.335903409849685        1.0071076653663842       0.63491587591948540       0.58316057692589096      -0.86430407262505049      -0.55340708572545994       0.26604773092268619     
   51.618745852916170        1.0076864193045030       0.63552668749567465       0.58336644634646240      -0.86514369725053153      -0.55422544102693050       0.26624354073854678     
   51.901588295982648        1.0082625704255570       0.63613469859088079       0.58357140678786590      -0.86597945920202468      -0.55504006963223818       0.26643849668923991     
   52.184430739049134        1.0088361444648390       0.63673993721846123       0.58377546711394457      -0.86681139720784384      -0.55585100866930792       0.26663260705550368     
   52.467273182115619        1.0094071667656719       0.63734243096147669       0.58397863605519440      -0.86763954940042642      -0.55665829469743200       0.26682587999376894     
   52.750115625182104        1.0099756622875242       0.63794220698168469       0.58418092221134343      -0.86846395332865034      -0.55746196371911627       0.26701832353869037     
   53.032958068248590        1.0105416556138298       0.63853929202808690       0.58438233405409301      -0.86928464596979760      -0.55826205119139227       0.26720994560564476     
   53.315800511315068        1.0111051709596308       0.63913371244540484       0.58458287992965074      -0.87010166374126574      -0.55905859203697894       0.26740075399311264     
   53.598642954381553        1.0116662321790861       0.63972549418228153       0.58478256806121776      -0.87091504251189766      -0.55985162065513905       0.26759075638507995     
   53.881485397448039        1.0122248627725434       0.64031466279933313       0.58498140655148290      -0.87172481761326071      -0.56064117093218913       0.26777996035313639     
   54.164327840514524        1.0127810858937665       0.64090124347694311       0.58517940338494001      -0.87253102385033332      -0.56142727625186228       0.26796837335883694     
   54.447170283581009        1.0133349243567955       0.64148526102275416       0.58537656643032299      -0.87333369551201734      -0.56220996950522717       0.26815600275589874     
   54.730012726647495        1.0138864006425443       0.64206673987933316       0.58557290344272506      -0.87413286638165810      -0.56298928310062446       0.26834285579208067     
   55.012855169713973        1.0144355369055549       0.64264570413115041       0.58576842206592483      -0.87492856974676914      -0.56376524897308722       0.26852893961154273     
   55.295697612780458        1.0149823549802059       0.64322217751179867       0.58596312983448973      -0.87572083840905279      -0.56453789859369907       0.26871426125661546     
   55.578540055846943        1.0155268763870602       0.64379618341075040       0.58615703417592924      -0.87650970469377731      -0.56530726297861844       0.26889882766991602     
   55.861382498913429        1.0160691223388487       0.64436774488020421       0.58635014241268046      -0.87729520045923359      -0.56607337269799984       0.26908264569610874     
   56.144224941979914        1.0166091137464761       0.64493688464149690       0.58654246176418612      -0.87807735710567791      -0.56683625788455061       0.26926572208389959     
   56.427067385046392        1.0171468712247922       0.64550362509163339       0.58673399934874249      -0.87885620558427768      -0.56759594824206960       0.26944806348776951     
   56.709909828112878        1.0176824150982515       0.64606798830933354       0.58692476218555645      -0.87963177640564594      -0.56835247305351699       0.26962967646985192     
   56.992752271179363        1.0182157654063344       0.64662999606130611       0.58711475719649342      -0.88040409964844979      -0.56910586118915474       0.26981056750149135     
   57.275594714245848        1.0187469419091117       0.64718966980800408       0.58730399120796384      -0.88117320496739659      -0.56985614111431582       0.26999074296518472     
   57.558437157312333        1.0192759640923461       0.64774703070960471       0.58749247095261325      -0.88193912160148691      -0.57060334089713183       0.27017020915600787     
   57.841279600378812        1.0198028511726185       0.64830209963148178       0.58768020307122160      -0.88270187838176917      -0.57134748821583714       0.27034897228332133     
   58.124122043445297        1.0203276221024353       0.64885489714993982       0.58786719411416777      -0.88346150373902033      -0.57208861036628678       0.27052703847232445     
   58.406964486511782        1.0208502955750864       0.64940544355735053       0.58805345054332414      -0.88421802571112018      -0.57282673426883468       0.27070441376569482     
   58.689806929578268        1.0213708900294012       0.64995375886768936       0.58823897873345532      -0.88497147195051007      -0.57356188647550665       0.27088110412493943     
   58.972649372644753        1.0218894236544327       0.65049986282137628       0.58842378497405035      -0.88572186973115741      -0.57429409317653390       0.27105711543202970     
   59.255491815711231        1.0224059143939526       0.65104377489065191       0.58860787547060089      -0.88646924595575427      -0.57502338020725718       0.27123245349060737     
   59.538334258777716        1.0229203799510489       0.65158551428418710       0.58879125634629670      -0.88721362716224850      -0.57574977305441688       0.27140712402766065     
   59.821176701844202        1.0234328377923778       0.65212509995210510       0.58897393364335926      -0.88795503953069654      -0.57647329686262938       0.27158113269469575     
   60.104019144910687        1.0239433051524067       0.65266255059039546       0.58915591332472583      -0.88869350888963017      -0.57719397644032944       0.27175448506920385     
   60.386861587977172        1.0244517990376507       0.65319788464584871       0.58933720127511491      -0.88942906072252037      -0.57791183626616383       0.27192718665586368     
   60.669704031043651        1.0249583362306753       0.65373112032023506       0.58951780330269410      -0.89016172017388218      -0.57862690049461041       0.27209924288791804     
   60.952546474110136        1.0254629332941527       0.65426227557482919       0.58969772514025975      -0.89089151205534689      -0.57933919296192515       0.27227065912842408     
   61.235388917176621        1.0259656065745073       0.65479136813464311       0.58987697244671322      -0.89161846085177576      -0.58004873719163064       0.27244144067129450     
   61.518231360243107        1.0264663722061096       0.65531841549262959       0.59005555080813721      -0.89234259072672606      -0.58075555640025323       0.27261159274282731     
   61.801073803309592        1.0269652461147294       0.65584343491374664       0.59023346573920588      -0.89306392552833080      -0.58145967350257011       0.27278112050266445     
   62.083916246376070        1.0274622440211059       0.65636644343897399       0.59041072268443973      -0.89378248879490774      -0.58216111111687163       0.27295002904487542     
   62.366758689442555        1.0279573814447107       0.65688745788919800       0.59058732701932959      -0.89449830376018435      -0.58285989157020834       0.27311832339927333     
   62.649601132509041        1.0284506737071126       0.65740649486912273       0.59076328405149625      -0.89521139335873756      -0.58355603690345992       0.27328600853237367     
   62.932443575575526        1.0289421359353907       0.65792357077090591       0.59093859902193735      -0.89592178023111901      -0.58424956887619084       0.27345308934853246     
   63.215286018642011        1.0294317830654873       0.65843870177784625       0.59111327710611872      -0.89662948672891651      -0.58494050897151939       0.27361957069100523     
   63.498128461708490        1.0299196298454554       0.65895190386805835       0.59128732341500601      -0.89733453491977344      -0.58562887840092559       0.27378545734292314     
   63.780970904774975        1.0304056908385510       0.65946319281776422       0.59146074299637985      -0.89803694659221756      -0.58631469810864534       0.27395075402832436     
   64.063813347841460        1.0308899804265588       0.65997258420501614       0.59163354083553765      -0.89873674326038255      -0.58699798877656073       0.27411546541317389     
   64.346655790907946        1.0313725128126312       0.66048009341277869       0.59180572185667657      -0.89943394616870576      -0.58767877082828524       0.27427959610627967     
   64.629498233974431        1.0318533020244405       0.66098573563239471       0.59197729092367124      -0.90012857629642595      -0.58835706443374391       0.27444315066029074     
   64.912340677040916        1.0323323619170313       0.66148952586675291       0.59214825284114680      -0.90082065436208170      -0.58903288951334121       0.27460613357258329     
   65.195183120107401        1.0328097061756252       0.66199147893331611       0.59231861235558581      -0.90151020082785949      -0.58970626574198726       0.27476854928617495     
   65.478025563173887        1.0332853483185180       0.66249160946746188       0.59248837415601274      -0.90219723590391554      -0.59037721255343834       0.27493040219056464     
   65.760868006240358        1.0337593016998339       0.66298993192518541       0.59265754287519701      -0.90288177955239013      -0.59104574914401531       0.27509169662276495     
   66.043710449306843        1.0342315795121346       0.66348646058637983       0.59282612309032534      -0.90356385149173468      -0.59171189447674943       0.27525243686792289     
   66.326552892373329        1.0347021947891533       0.66398120955745765       0.59299411932408708      -0.90424347120049664      -0.59237566728501811       0.27541262716037618     
   66.609395335439814        1.0351711604082281       0.66447419277431230       0.59316153604551336      -0.90492065792143650      -0.59303708607632832       0.27557227168427972     
   66.892237778506299        1.0356384890930226       0.66496542400501979       0.59332837767080671      -0.90559543066516923      -0.59369616913601486       0.27573137457461111     
   67.175080221572784        1.0361041934158410       0.66545491685278102       0.59349464856407141      -0.90626780821418074      -0.59435293453094784       0.27588993991770500     
   67.457922664639270        1.0365682858001042       0.66594268475828322       0.59366035303837672      -0.90693780912632393      -0.59500740011281317       0.27604797175221479     
   67.740765107705755        1.0370307785228459       0.66642874100238769       0.59382549535643947      -0.90760545173836871      -0.59565958352169157       0.27620547406993340     
   68.023607550772240        1.0374916837167589       0.66691309870898285       0.59399007973130524      -0.90827075416993908      -0.59630950218954959       0.27636245081613675     
   68.306449993838726        1.0379510133728016       0.66739577084696533       0.59415411032741605      -0.90893373432643709      -0.59695717334326015       0.27651890589085043     
   68.589292436905197        1.0384087793422196       0.66787677023321934       0.59431759126103079      -0.90959440990289830      -0.59760261400819337       0.27667484314911200     
   68.872134879971682        1.0388649933388665       0.66835610953456270       0.59448052660130690      -0.91025279838698125      -0.59824584101106193       0.27683026640200720     
   69.154977323038167        1.0393196669412026       0.66883380127055869       0.59464292037071464      -0.91090891706258947      -0.59888687098335525       0.27698517941699530     
   69.437819766104653        1.0397728115945513       0.66930985781546104       0.59480477654600328      -0.91156278301276628      -0.59952572036415319       0.27713958591888982     
   69.720662209171138        1.0402244386131385       0.66978429140065077       0.59496609905877085      -0.91221441312293805      -0.60016240540325527       0.27729348959040695     
   70.003504652237623        1.0406745591820132       0.67025711411681965       0.59512689179624023      -0.91286382408406852      -0.60079694216403201       0.27744689407273743     
   70.286347095304109        1.0411231843592139       0.67072833791619890       0.59528715860180770      -0.91351103239553955      -0.60142934652643787       0.27759980296630743     
   70.569189538370594        1.0415703250774939       0.67119797461452979       0.59544690327595884      -0.91415605436822467      -0.60205963418958208       0.27775221983128884     
   70.852031981437079        1.0420159921464593       0.67166603589343465       0.59560612957657288      -0.91479890612733128      -0.60268782067484894       0.27790414818826348     
   71.134874424503565        1.0424601962542879       0.67213253330223421       0.59576484121984130      -0.91543960361525734      -0.60331392132833217       0.27805559151880399     
   71.417716867570036        1.0429029479696263       0.67259747826016758       0.59592304188069245      -0.91607816259443942      -0.60393795132370620       0.27820655326600763     
   71.700559310636521        1.0433442577433394       0.67306088205800474       0.59608073519374927      -0.91671459864995009      -0.60455992566449701       0.27835703683520335     
   71.983401753703006        1.0437841359104345       0.67352275586049415       0.59623792475341075      -0.91734892719230299      -0.60517985918716366       0.27850704559439571     
   72.266244196769492        1.0442225926915478       0.67398311070783290       0.59639461411495276      -0.91798116346008951      -0.60579776656311546       0.27865658287481687     
   72.549086639835977        1.0446596381949318       0.67444195751785874       0.59655080679467809      -0.91861132252247768      -0.60641366230160298       0.27880565197155094     
   72.831929082902462        1.0450952824178379       0.67489930708750612       0.59670650627095845      -0.91923941928180630      -0.60702756075167186       0.27895425614400438     
   73.114771525968948        1.0455295352484102       0.67535517009507962       0.59686171598425686      -0.91986546847609840      -0.60763947610507629       0.27910239861640862     
   73.397613969035433        1.0459624064671889       0.67580955710148327       0.59701643933819204      -0.92048948468132075      -0.60824942239809787       0.27925008257850792     
   73.680456412101918        1.0463939057485792       0.67626247855248878       0.59717067969966720      -0.92111148231414564      -0.60885741351424272       0.27939731118569677     
   73.963298855168404        1.0468240426625928       0.67671394478001834       0.59732444039966581      -0.92173147563393221      -0.60946346318622346       0.27954408755988730     
   74.246141298234875        1.0472528266762233       0.67716396600400097       0.59747772473368055      -0.92234947874524997      -0.61006758499825497       0.27969041478977186     
   74.528983741301360        1.0476802671551531       0.67761255233398265       0.59763053596214055      -0.92296550559995305      -0.61066979238830166       0.27983629593149600     
   74.811826184367845        1.0481063733649292       0.67805971377073659       0.59778287731105428      -0.92357956999965163      -0.61127009865006110       0.27998173400887222     
   75.094668627434331        1.0485311544725824       0.67850546020779501       0.59793475197245416      -0.92419168559772180      -0.61186851693509803       0.28012673201401583     
   75.377511070500816        1.0489546195479362       0.67894980143308836       0.59808616310485019      -0.92480186590158153      -0.61246506025492098       0.28027129290765895     
   75.660353513567301        1.0493767775652247       0.67939274713034614       0.59823711383369815      -0.92541012427454017      -0.61305974148300257       0.28041541961985128     
   75.943195956633787        1.0497976374041804       0.67983430688063129       0.59838760725196516      -0.92601647393812181      -0.61365257335665258       0.28055911505013520     
   76.226038399700272        1.0502172078515097       0.68027449016391095       0.59853764642042917      -0.92662092797402684      -0.61424356847911665       0.28070238206803821     
   76.508880842766757        1.0506354976022370       0.68071330636032534       0.59868723436826254      -0.92722349932602044      -0.61483273932134641       0.28084522351360153     
   76.791723285833243        1.0510525152608183       0.68115076475179615       0.59883637409339785      -0.92782420080213346      -0.61542009822394972       0.28098764219754235     
   77.074565728899714        1.0514682693426844       0.68158687452324851       0.59898506856296496      -0.92842304507627027      -0.61600565739902047       0.28112964090197717     
   77.357408171966199        1.0518827682752516       0.68202164476395266       0.59913332071385983      -0.92902004469028554      -0.61658942893180546       0.28127122238062680     
   77.640250615032684        1.0522960203993259       0.68245508446900871       0.59928113345294398      -0.92961521205575581      -0.61717142478269271       0.28141238935929164     
   77.923093058099170        1.0527080339701254       0.68288720254064705       0.59942850965756611      -0.93020855945595271      -0.61775165678884891       0.28155314453608454     
   78.205935501165655        1.0531188171586368       0.68331800778942031       0.59957545217596264      -0.93080009904742811      -0.61833013666592962       0.28169349058201137     
   78.488777944232140        1.0535283780525901       0.68374750893554714       0.59972196382769205      -0.93138984286197413      -0.61890687600973071       0.28183343014114204     
   78.771620387298626        1.0539367246577986       0.68417571461006366       0.59986804740400412      -0.93197780280812759      -0.61948188629785506       0.28197296583119641     
   79.054462830365111        1.0543438648991428       0.68460263335629501       0.60001370566808454      -0.93256399067311047      -0.62005517889147932       0.28211210024365924     
   79.337305273431596        1.0547498066217877       0.68502827363066510       0.60015894135572179      -0.93314841812420379      -0.62062676503666414       0.28225083594443096     
   79.620147716498082        1.0551545575921479       0.68545264380432258       0.60030375717534845      -0.93373109671070531      -0.62119665586624384       0.28238917547384923     
   79.902990159564567        1.0555581254989796       0.68587575216394248       0.60044815580871447      -0.93431203786534112      -0.62176486240106743       0.28252712134723468     
   80.185832602631038        1.0559605179544473       0.68629760691309571       0.60059213991103788      -0.93489125290594244      -0.62233139555171801       0.28266467605512968     
   80.468675045697523        1.0563617424953142       0.68671821617326378       0.60073571211137211      -0.93546875303680721      -0.62289626611998605       0.28280184206382153     
   80.751517488764009        1.0567618065835487       0.68713758798500701       0.60087887501310444      -0.93604454935061498      -0.62345948480018543       0.28293862181528445     
   81.034359931830494        1.0571607176077291       0.68755573030905970       0.60102163119408414      -0.93661865282957735      -0.62402106218080333       0.28307501772784754     
   81.317202374896979        1.0575584828838402       0.68797265102720961       0.60116398320721254      -0.93719107434698268      -0.62458100874566036       0.28321103219644550     
   81.600044817963465        1.0579551096562152       0.68838835794367048       0.60130593358050344      -0.93776182466882430      -0.62513933487557016       0.28334666759274768     
   81.882887261029950        1.0583506050986358       0.68880285878584913       0.60144748481756538      -0.93833091445496741      -0.62569605084955449       0.28348192626572810     
   82.165729704096435        1.0587449763149865       0.68921616120554308       0.60158863939789753      -0.93889835426088253      -0.62625116684620619       0.28361681054163224     
   82.448572147162920        1.0591382303404013       0.68962827277978722       0.60172939977721907      -0.93946415453874965      -0.62680469294499686       0.28375132272454745     
   82.731414590229406        1.0595303741421698       0.69003920101188498       0.60186976838773587      -0.94002832563883720      -0.62735663912762274       0.28388546509667123     
   83.014257033295877        1.0599214146204547       0.69044895333248024       0.60200974763843518      -0.94059087781103934      -0.62790701527929127       0.28401923991839811     
   83.297099476362362        1.0603113586093043       0.69085753710033015       0.60214933991546604      -0.94115182120597407      -0.62845583118989701       0.28415264942880875     
   83.579941919428848        1.0607002128773948       0.69126495960340684       0.60228854758234651      -0.94171116587646075      -0.62900309655534747       0.28428569584576263     
   83.862784362495333        1.0610879841290153       0.69167122805973091       0.60242737298025828      -0.94226892177862753      -0.62954882097877563       0.28441838136633396     
   84.145626805561818        1.0614746790047764       0.69207634961824216       0.60256581842841439      -0.94282509877324550      -0.63009301397165074       0.28455070816699013     
   84.428469248628303        1.0618603040824794       0.69248033135978015       0.60270388622424087      -0.94337970662696169      -0.63063568495505973       0.28468267840385414     
   84.711311691694789        1.0622448658778820       0.69288318029787321       0.60284157864374066      -0.94393275501349627      -0.63117684326077561       0.28481429421297394     
   84.994154134761274        1.0626283708455380       0.69328490337971915       0.60297889794163750      -0.94448425351485044      -0.63171649813252451       0.28494555771055741     
   85.276996577827759        1.0630108253795651       0.69368550748683711       0.60311584635181670      -0.94503421162238954      -0.63225465872693576       0.28507647099331368     
   85.559839020894245        1.0633922358143684       0.69408499943610868       0.60325242608742802      -0.94558263873813309      -0.63279133411480426       0.28520703613855736     
   85.842681463960716        1.0637726084254380       0.69448338598052073       0.60338863934118847      -0.94612954417581296      -0.63332653328213340       0.28533725520452918     
   86.125523907027201        1.0641519494299911       0.69488067380980845       0.60352448828582794      -0.94667493716199258      -0.63386026513101223       0.28546713023062920     
   86.408366350093686        1.0645302649878563       0.69527686955163914       0.60365997507392843      -0.94721882683722558      -0.63439253848108312       0.28559666323759159     
   86.691208793160172        1.0649075612020322       0.69567197977199857       0.60379510183858587      -0.94776122225707737      -0.63492336207015576       0.28572585622777524     
   86.974051236226657        1.0652838441196626       0.69606601097614984       0.60392987069335768      -0.94830213239304739      -0.63545274455552514       0.28585471118552880     
   87.256893679293142        1.0656591197322536       0.69645896960934761       0.60406428373277921      -0.94884156613401593      -0.63598069451469808       0.28598323007702131     
   87.539736122359628        1.0660333939769124       0.69685086205760183       0.60419834303230557      -0.94937953228679639      -0.63650722044667563       0.28611141485093339     
   87.822578565426113        1.0664066727365675       0.69724169464848340       0.60433205064870288      -0.94991603957758364      -0.63703233077275867       0.28623926743824524     
   88.105421008492598        1.0667789618408405       0.69763147365169575       0.60446540862030962      -0.95045109665269356      -0.63755603383748027       0.28636678975270480     
   88.388263451559084        1.0671502670668509       0.69802020527980502       0.60459841896716449      -0.95098471207942870      -0.63807833790964019       0.28649398369116158     
   88.671105894625555        1.0675205941393955       0.69840789568913553       0.60473108369129303      -0.95151689434754072      -0.63859925118317018       0.28662085113327290     
   88.953948337692040        1.0678899487321689       0.69879455098027832       0.60486340477678313      -0.95204765186958729      -0.63911878177818426       0.28674739394230669     
   89.236790780758525        1.0682583364678360       0.69918017719867753       0.60499538419036147      -0.95257699298230225      -0.63963693774152275       0.28687361396491101     
   89.519633223825011        1.0686257629190219       0.69956478033558622       0.60512702388116213      -0.95310492594733409      -0.64015372704807572       0.28699951303149512     
   89.802475666891496        1.0689922336087760       0.69994836632857582       0.60525832578113847      -0.95363145895220880      -0.64066915760145537       0.28712509295637340     
   90.085318109957981        1.0693577540111914       0.70033094106209426       0.60538929180533008      -0.95415660011115466      -0.64118323723478943       0.28725035553802586     
   90.368160553024467        1.0697223295519038       0.70071251036824866       0.60551992385198461      -0.95468035746613711      -0.64169597371164888       0.28737530255913746     
   90.651002996090952        1.0700859656088411       0.70109308002731863       0.60565022380277145      -0.95520273898751873      -0.64220737472686629       0.28749993578698979     
   90.933845439157437        1.0704486675125826       0.70147265576855156       0.60578019352292922      -0.95572375257518627      -0.64271744790740493       0.28762425697337685     
   91.216687882223923        1.0708104405472387       0.70185124327053927       0.60590983486149974      -0.95624340605900005      -0.64322620081312509       0.28774826785517604     
   91.499530325290394        1.0711712899505261       0.70222884816193998       0.60603914965165440      -0.95676170720009779      -0.64373364093744567       0.28787197015405408     
   91.782372768356879        1.0715312209148644       0.70260547602216161       0.60616813971052208      -0.95727866369128189      -0.64423977570848545       0.28799536557707428     
   92.065215211423364        1.0718902385872850       0.70298113238177307       0.60629680683983889      -0.95779428315827897      -0.64474461248937365       0.28811845581641193     
   92.348057654489850        1.0722483480706595       0.70335582272314434       0.60642515282572140      -0.95830857315996321      -0.64524815857941697       0.28824124255009836     
   92.630900097556335        1.0726055544236772       0.70372955248110536       0.60655317943903486      -0.95882154118965202      -0.64575042121466109       0.28836372744167210     
   92.913742540622820        1.0729618626614981       0.70410232704330689       0.60668088843567503      -0.95933319467565992      -0.64625140756852828       0.28848591214056341     
   93.196584983689306        1.0733172777564204       0.70447415175101102       0.60680828155644218      -0.95984354098203473      -0.64675112475283658       0.28860779828227839     
   93.479427426755791        1.0736718046381339       0.70484503189937975       0.60693536052756536      -0.96035258740939278      -0.64724957981817532       0.28872938748847171     
   93.762269869822276        1.0740254481945803       0.70521497273822353       0.60706212706049079      -0.96086034119544339      -0.64774677975498407       0.28885068136732006     
   94.045112312888762        1.0743782132718587       0.70558397947238660       0.60718858285246025      -0.96136680951614228      -0.64824273149384048       0.28897168151324637     
   94.327954755955233        1.0747301046752844       0.70595205726237220       0.60731472958629618      -0.96187199948596147      -0.64873744190652827       0.28909238950752392     
   94.610797199021718        1.0750811271695140       0.70631921122477026       0.60744056893080034      -0.96237591815884749      -0.64923091780647313       0.28921280691817131     
   94.893639642088203        1.0754312854790835       0.70668544643271680       0.60756610254091670      -0.96287857252883224      -0.64972316594940727       0.28933293530018872     
   95.176482085154689        1.0757805842888453       0.70705076791661214       0.60769133205770554      -0.96337996953084337      -0.65021419303421135       0.28945277619557719     
   95.459324528221174        1.0761290282446123       0.70741518066435627       0.60781625910861881      -0.96388011604108625      -0.65070400570343978       0.28957233113377834     
   95.742166971287659        1.0764766219533128       0.70777868962190449       0.60794088530773405      -0.96437901887799582      -0.65119261054387978       0.28969160163153174     
   96.025009414354145        1.0768233699835890       0.70814129969384965       0.60806521225573107      -0.96487668480280631      -0.65168001408735410       0.28981058919310082     
   96.307851857420630        1.0771692768662375       0.70850301574375674       0.60818924154015042      -0.96537312052012281      -0.65216622281123204       0.28992929531048800     
   96.590694300487115        1.0775143470944337       0.70886384259473090       0.60831297473554669      -0.96586833267878369      -0.65265124313903278       0.29004772146334490     
   96.873536743553601        1.0778585851245222       0.70922378502974393       0.60843641340356069      -0.96636232787210796      -0.65313508144110355       0.29016586911949299     
   97.156379186620086        1.0782019953761051       0.70958284779230796       0.60855955909302528      -0.96685511263890267      -0.65361774403524731       0.29028373973466381     
   97.439221629686557        1.0785445822325785       0.70994103558651933       0.60868241334038720      -0.96734669346376445      -0.65409923718702911       0.29040133475294200     
   97.722064072753042        1.0788863500414227       0.71029835307802491       0.60880497766944353      -0.96783707677804687      -0.65457956711075760       0.29051865560653156     
   98.004906515819528        1.0792273031148416       0.71065480489399246       0.60892725359175037      -0.96832626896000673      -0.65505873996977948       0.29063570371632735     
   98.287748958886013        1.0795674457298934       0.71101039562373680       0.60904924260671645      -0.96881427633572292      -0.65553676187708709       0.29075248049171265     
   98.570591401952498        1.0799067821289965       0.71136512981915823       0.60917094620165235      -0.96930110517957224      -0.65601363889595077       0.29086898733077959     
   98.853433845018984        1.0802453165203489       0.71171901199508969       0.60929236585194158      -0.96978676171473766      -0.65648937704042942       0.29098522562051760     
   99.136276288085469        1.0805830530782137       0.71207204662969448       0.60941350302121911      -0.97027125211383825      -0.65696398227585795       0.29110119673686302     
   99.419118731151954        1.0809199959432316       0.71242423816504385       0.60953435916137599      -0.97075458249962110      -0.65743746051950291       0.29121690204468048     
   99.701961174218440        1.0812561492230042       0.71277559100708254       0.60965493571294571      -0.97123675894510586      -0.65790981764082535       0.29133234289828464     
   99.984803617284925        1.0815915169922694       0.71312610952661892       0.60977523410480050      -0.97171778747457771      -0.65838105946242498       0.29144752064109780     
   100.26764606035140        1.0819261032933238       0.71347579805922179       0.60989525575466308      -0.97219767406382185      -0.65885119176016294       0.29156243660606712     
   100.55048850341788        1.0822599121363092       0.71382466090571506       0.61001500206915660      -0.97267642464075188      -0.65932022026373271       0.29167709211566517     
   100.83333094648437        1.0825929474996219       0.71417270233276220       0.61013447444371038      -0.97315404508598247      -0.65978815065737151       0.29179148848195247     
   101.11617338955085        1.0829252133302840       0.71451992657298968       0.61025367426287436      -0.97363054123318604      -0.66025498858015230       0.29190562700683692     
   101.39901583261734        1.0832567135441575       0.71486633782550080       0.61037260290036643      -0.97410591886977738      -0.66072073962653599       0.29201950898200318     
   101.68185827568382        1.0835874520264281       0.71521194025607993       0.61049126171924251      -0.97458018373719868      -0.66118540934679049       0.29213313568922811     
   101.96470071875031        1.0839174326317171       0.71555673799769715       0.61060965207198636      -0.97505334153167023      -0.66164900324748366       0.29224650840022670     
   102.24754316181679        1.0842466591847086       0.71590073515083064       0.61072777530049638      -0.97552539790439674      -0.66211152679207541       0.29235962837703378     
   102.53038560488328        1.0845751354800997       0.71624393578383638       0.61084563273635140      -0.97599635846237320      -0.66257298540121434       0.29247249687177485     
   102.81322804794976        1.0849028652833408       0.71658634393304765       0.61096322570091699      -0.97646622876836631      -0.66303338445319238       0.29258511512725910     
   103.09607049101623        1.0852298523304817       0.71692796360353817       0.61108055550531537      -0.97693501434199082      -0.66349272928453029       0.29269748437646398     
   103.37891293408272        1.0855561003288157       0.71726879876899574       0.61119762345075623      -0.97740272065964928      -0.66395102519018878       0.29280960584315496     
   103.66175537714921        1.0858816129571431       0.71760885337241809       0.61131443082833892      -0.97786935315519730      -0.66440827742430431       0.29292148074176838     
   103.94459782021569        1.0862063938658220       0.71794813132631485       0.61143097891938680      -0.97833491722054389      -0.66486449120038882       0.29303311027735179     
   104.22744026328218        1.0865304466773962       0.71828663651278302       0.61154726899558809      -0.97879941820568017      -0.66531967169170836       0.29314449564607192     
   104.51028270634866        1.0868537749866642       0.71862437278425295       0.61166330231883481      -0.97926286141952079      -0.66577382403196517       0.29325563803489979     
   104.79312514941515        1.0871763823610530       0.71896134396355738       0.61177908014148497      -0.97972525213013362      -0.66622695331554260       0.29336653862190198     
   105.07596759248163        1.0874982723407123       0.71929755384414640       0.61189460370663329      -0.98018659556528343      -0.66667906459773962       0.29347719857621268     
   105.35881003554812        1.0878194484392787       0.71963300619067394       0.61200987424771891      -0.98064689691256768      -0.66713016289566074       0.29358761905840358     
   105.64165247861460        1.0881399141434982       0.71996770473892679       0.61212489298926531      -0.98110616132020878      -0.66758025318796488       0.29369780122019190     
   105.92449492168107        1.0884596729141101       0.72030165319640438       0.61223966114642248      -0.98156439389707573      -0.66802934041581019       0.29380774620491573     
   106.20733736474756        1.0887787281854568       0.72063485524270487       0.61235417992530394      -0.98202159971370084      -0.66847742948299360       0.29391745514700363     
   106.49017980781404        1.0890970833665787       0.72096731452932505       0.61246845052308485      -0.98247778380171302      -0.66892452525632407       0.29402692917302331     
   106.77302225088053        1.0894147418406628       0.72129903468050383       0.61258247412801392      -0.98293295115521373      -0.66937063256607798       0.29413616940078058     
   107.05586469394702        1.0897317069658197       0.72163001929301362       0.61269625191966393      -0.98338710673046847      -0.66981575620620681       0.29424517694009833     
   107.33870713701350        1.0900479820750812       0.72196027193694023       0.61280978506871597      -0.98384025544676301      -0.67025990093501187       0.29435395289242422     
   107.62154958007999        1.0903635704768622       0.72228979615552569       0.61292307473730756      -0.98429240218638203      -0.67070307147523756       0.29446249835130806     
   107.90439202314647        1.0906784754550132       0.72261859546556950       0.61303612207910430      -0.98474355179521600      -0.67114527251444689       0.29457081440224830     
   108.18723446621296        1.0909927002691180       0.72294667335779561       0.61314892823927147      -0.98519370908313297      -0.67158650870548775       0.29467890212276537     
   108.47007690927944        1.0913062481548519       0.72327403329702833       0.61326149435457111      -0.98564287882419666      -0.67202678466682308       0.29478676258262371     
   108.75291935234591        1.0916191223239917       0.72360067872249190       0.61337382155352760      -0.98609106575724270      -0.67246610498279735       0.29489439684369190     
   109.03576179541240        1.0919313259648931       0.72392661304794892       0.61348591095648630      -0.98653827458596399      -0.67290447420399291       0.29500180596028502     
   109.31860423847888        1.0922428622425855       0.72425183966211815       0.61359776367562113      -0.98698450997946030      -0.67334189684764123       0.29510899097904025     
   109.60144668154537        1.0925537342990899       0.72457636192887176       0.61370938081501791      -0.98742977657248421      -0.67377837739795154       0.29521595293909081     
   109.88428912461185        1.0928639452534745       0.72490018318736449       0.61382076347093595      -0.98787407896586554      -0.67421392030625094       0.29532269287205209     
   110.16713156767834        1.0931734982022894       0.72522330675244384       0.61393191273163805      -0.98831742172675185      -0.67464852999155589       0.29542921180219084     
   110.44997401074482        1.0934823962196503       0.72554573591483784       0.61404282967758050      -0.98875980938903230      -0.67508221084077880       0.29553551074640549     
   110.73281645381131        1.0937906423574788       0.72586747394127749       0.61415351538157836      -0.98920124645358987      -0.67551496720895199       0.29564159071437240     
   111.01565889687780        1.0940982396458616       0.72618852407489753       0.61426397090866203      -0.98964173738858285      -0.67594680341975666       0.29574745270865593     
   111.29850133994428        1.0944051910929717       0.72650888953535619       0.61437419731639920      -0.99008128662996464      -0.67637772376558436       0.29585309772458124     
   111.58134378301075        1.0947114996855776       0.72682857351913432       0.61448419565475099      -0.99051989858157030      -0.67680773250805304       0.29595852675052503     
   111.86418622607724        1.0950171683890215       0.72714757919971174       0.61459396696630486      -0.99095757761560910      -0.67723683387814826       0.29606374076780950     
   112.14702866914372        1.0953222001476306       0.72746590972783431       0.61470351228620590      -0.99139432807281092      -0.67766503207665907       0.29616874075092342     
   112.42987111221021        1.0956265978847197       0.72778356823171353       0.61481283264234321      -0.99183015426289833      -0.67809233127435342       0.29627352766742615     
   112.71271355527669        1.0959303645029992       0.72810055781713157       0.61492192905541454      -0.99226506046465013      -0.67851873561227305       0.29637810247824703     
   112.99555599834318        1.0962335028845360       0.72841688156788864       0.61503080253891118      -0.99269905092651611      -0.67894424920210072       0.29648246613742990     
   113.27839844140966        1.0965360158911923       0.72873254254584063       0.61513945409921789      -0.99313212986661836      -0.67936887612641250       0.29658661959249127     
   113.56124088447615        1.0968379063645486       0.72904754379118308       0.61524788473574721      -0.99356430147330810      -0.67979262043888444       0.29669056378421443     
   113.84408332754263        1.0971391771265249       0.72936188832254878       0.61535609544088987      -0.99399556990502547      -0.68021548616468985       0.29679429964713755     
   114.12692577060912        1.0974398309789855       0.72967557913738135       0.61546408720022416      -0.99442593929117518      -0.68063747730062318       0.29689782810902465     
   114.40976821367560        1.0977398707043524       0.72998861921205682       0.61557186099243377      -0.99485541373199082      -0.68105859781551237       0.29700115009133560     
   114.69261065674208        1.0980392990657777       0.73030101150200710       0.61567941778945245      -0.99528399729878902      -0.68147885165041266       0.29710426650931399     
   114.97545309980856        1.0983381188070527       0.73061275894208433       0.61578675855650955      -0.99571169403455662      -0.68189824271887622       0.29720717827172721     
   115.25829554287505        1.0986363326530624       0.73092386444658541       0.61589388425221037      -0.99613850795390235      -0.68231677490720033       0.29730988628124583     
   115.54113798594153        1.0989339433098806       0.73123433090952106       0.61600079582856893      -0.99656444304342851      -0.68273445207470917       0.29741239143439391     
   115.82398042900802        1.0992309534647406       0.73154416120482091       0.61610749423116007      -0.99698950326218061      -0.68315127805391485       0.29751469462141794     
   116.10682287207450        1.0995273657865745       0.73185335818650799       0.61621398039901010      -0.99741369254158596      -0.68356725665094031       0.29761679672666985     
   116.38966531514099        1.0998231829259766       0.73216192468899577       0.61632025526466483      -0.99783701478594389      -0.68398239164575658       0.29771869862842504     
   116.67250775820747        1.1001184075152934       0.73246986352696575       0.61642631975454820      -0.99825947387259539      -0.68439668679212229       0.29782040119902131     
   116.95535020127396        1.1004130421690301       0.73277717749579407       0.61653217478869782      -0.99868107365209258      -0.68481014581815702       0.29792190530499879     
   117.23819264434044        1.1007070894837425       0.73308386937183911       0.61663782128085853      -0.99910181794873532      -0.68522277242653540       0.29802321180686114     
   117.52103508740691        1.1010005520384083       0.73338994191218998       0.61674326013881020      -0.99952171056042283      -0.68563457029445529       0.29812432155952423     
   117.80387753047340        1.1012934323946344       0.73369539785537197       0.61684849226394367      -0.99994075525912185      -0.68604554307435306       0.29822523541214208     
   118.08671997353989        1.1015857330964169       0.73400023992108454       0.61695351855188796       -1.0003589557912349      -0.68645569439355536       0.29832595420803015     
   118.36956241660637        1.1018774566708567       0.73430447081065153       0.61705833989205217       -1.0007763158774949      -0.68686502785502723       0.29842647878505973     
   118.65240485967286        1.1021686056279449       0.73460809320704556       0.61716295716798719       -1.0011928392134446      -0.68727354703728705       0.29852680997546099     
   118.93524730273934        1.1024591824607970       0.73491110977503948       0.61726737125741193       -1.0016085294695947      -0.68768125549465364       0.29862694860594857     
   119.21808974580583        1.1027491896458488       0.73521352316155242       0.61737158303209094       -1.0020233902917015      -0.68808815675764334       0.29872689549771919     
   119.50093218887231        1.1030386296429275       0.73551533599557450       0.61747559335813462       -1.0024374253009480      -0.68849425433294287       0.29882665146655080     
   119.78377463193880        1.1033275048956375       0.73581655088853926       0.61757940309574788       -1.0028506380940623      -0.68889955170392159       0.29892621732294961     
   120.06661707500528        1.1036158178310713       0.73611717043434122       0.61768301309962514       -1.0032630322438494      -0.68930405233050451       0.29902559387189276     
   120.34945951807175        1.1039035708604197       0.73641719720951260       0.61778642421875174       -1.0036746112990147      -0.68970775964962927       0.29912478191326591     
   120.63230196113824        1.1041907663788049       0.73671663377343066       0.61788963729656499       -1.0040853787846746      -0.69011067707534246       0.29922378224161744     
   120.91514440420472        1.1044774067655996       0.73701548266852401       0.61799265317087226       -1.0044953382024460      -0.69051280799913828       0.29932259564633013     
   121.19798684727121        1.1047634943844185       0.73731374642015446       0.61809547267421028       -1.0049044930306483      -0.69091415578985149       0.29942122291167333     
   121.48082929033770        1.1050490315833650       0.73761142753723807       0.61819809663342840       -1.0053128467246557      -0.69131472379431913       0.29951966481670633     
   121.76367173340418        1.1053340206951514       0.73790852851193089       0.61830052587015194       -1.0057204027168847      -0.69171451533716732       0.29961792213553923     
   122.04651417647067        1.1056184640372795       0.73820505182002316       0.61840276120059245       -1.0061271644170875      -0.69211353372124451       0.29971599563729207     
   122.32935661953715        1.1059023639119285       0.73850099992097373       0.61850480343581349       -1.0065331352127085      -0.69251178222759369       0.29981388608598114     
   122.61219906260364        1.1061857226065503       0.73879637525820607       0.61860665338141518       -1.0069383184687570      -0.69290926411600795       0.29991159424088637     
   122.89504150567012        1.1064685423935334       0.73909118025907661       0.61870831183796793       -1.0073427175283314      -0.69330598262483401       0.30000912085627529     
   123.17788394873659        1.1067508255306633       0.73938541733510066       0.61880977960081529       -1.0077463357125593      -0.69370194097139759       0.30010646668168994     
   123.46072639180308        1.1070325742609073       0.73967908888217748       0.61891105746021935       -1.0081491763211388      -0.69409714235209208       0.30020363246164744     
   123.74356883486956        1.1073137908129775       0.73997219728055474       0.61901214620133604       -1.0085512426320635      -0.69449158994262850       0.30030061893614518     
   124.02641127793605        1.1075944774011746       0.74026474489501937       0.61911304660435640       -1.0089525379020827      -0.69488528689812235       0.30039742684043019     
   124.30925372100253        1.1078746362255223       0.74055673407505185       0.61921375944452572       -1.0093530653668876      -0.69527823635329633       0.30049405690503894     
   124.59209616406902        1.1081542694720006       0.74084816715511281       0.61931428549199929       -1.0097528282412791      -0.69567044142284140       0.30059050985585484     
   124.87493860713550        1.1084333793125154       0.74113904645446882       0.61941462551222592       -1.0101518297193275      -0.69606190520125466       0.30068678641417029     
   125.15778105020199        1.1087119679052577       0.74142937427757727       0.61951478026565487       -1.0105500729744759      -0.69645263076335051       0.30078288729680530     
   125.44062349326848        1.1089900373945076       0.74171915291406731       0.61961475050805537       -1.0109475611599135      -0.69684262116414564       0.30087881321594578     
   125.72346593633496        1.1092675899110245       0.74200838463896224       0.61971453699034895       -1.0113442974085696      -0.69723187943924780       0.30097456487937230     
   126.00630837940143        1.1095446275721408       0.74229707171272485       0.61981414045872596       -1.0117402848332626      -0.69762040860494134       0.30107014299051638     
   126.28915082246792        1.1098211524816248       0.74258521638150399       0.61991356165470657       -1.0121355265271526      -0.69800821165833216       0.30116554824822117     
   126.57199326553440        1.1100971667300046       0.74287282087705275       0.62001280131525915       -1.0125300255636318      -0.69839529157743940       0.30126078134705958     
   126.85483570860089        1.1103726723947529       0.74315988741713390       0.62011186017255171       -1.0129237849965693      -0.69878165132163828       0.30135584297729534     
   127.13767815166737        1.1106476715402152       0.74344641820527135       0.62021073895440870       -1.0133168078604533      -0.69916729383140908       0.30145073382494142     
   127.42052059473386        1.1109221662178259       0.74373241543131785       0.62030943838390473       -1.0137090971706899      -0.69955222202893741       0.30154545457166615     
   127.70336303780034        1.1111961584661314       0.74401788127120416       0.62040795917976932       -1.0141006559236565      -0.69993643881790701       0.30164000589493667     
   127.98620548086683        1.1114696503110377       0.74430281788714237       0.62050630205627577       -1.0144914870967865      -0.70031994708380219       0.30173438846813316     
   128.26904792393330        1.1117426437657620       0.74458722742793271       0.62060446772319655       -1.0148815936489575      -0.70070274969414670       0.30182860296035280     
   128.55189036699980        1.1120151408310819       0.74487111202883582       0.62070245688597425       -1.0152709785204077      -0.70108484949851935       0.30192265003668933     
   128.83473281006627        1.1122871434953145       0.74515447381177646       0.62080027024574502       -1.0156596446330426      -0.70146624932871959       0.30201653035811382     
   129.11757525313277        1.1125586537344665       0.74543731488554454       0.62089790849927307       -1.0160475948906003      -0.70184695199901581       0.30211024458150260     
   129.40041769619924        1.1128296735124728       0.74571963734573332       0.62099537233906976       -1.0164348321785932      -0.70222696030621323       0.30220379335987702     
   129.68326013926574        1.1131002047809146       0.74600144327507090       0.62109266245342964       -1.0168213593649089      -0.70260627702979717       0.30229717734199191     
   129.96610258233221        1.1133702494797886       0.74628273474318862       0.62118977952642263       -1.0172071792992081      -0.70298490493211974       0.30239039717311772     
   130.24894502539871        1.1136398095367872       0.74656351380711694       0.62128672423800557       -1.0175922948139768      -0.70336284675846716       0.30248345349417005     
   130.53178746846518        1.1139088868680034       0.74684378251115169       0.62138349726395958       -1.0179767087240312      -0.70374010523729891       0.30257634694238605     
   130.81462991153165        1.1141774833777356       0.74712354288708316       0.62148009927596415       -1.0183604238269723      -0.70411668308034536       0.30266907815104116     
   131.09747235459815        1.1144456009588604       0.74740279695419187       0.62157653094158372       -1.0187434429030435      -0.70449258298279349       0.30276164774977476     
   131.38031479766462        1.1147132414925371       0.74768154671934384       0.62167279292450850       -1.0191257687156015      -0.70486780762321954       0.30285405636428503     
   131.66315724073112        1.1149804068487428       0.74795979417715019       0.62176888588431278       -1.0195074040109089      -0.70524235966399629       0.30294630461671435     
   131.94599968379760        1.1152470988858394       0.74823754131022424       0.62186481047661601       -1.0198883515188037      -0.70561624175129767       0.30303839312514463     
   132.22884212686409        1.1155133194511773       0.74851479008901178       0.62196056735309724       -1.0202686139522650      -0.70598945651525535       0.30313032250420535     
   132.51168456993057        1.1157790703808907       0.74879154247190893       0.62205615716165075       -1.0206481940078076      -0.70636200656995718       0.30322209336483730     
   132.79452701299707        1.1160443535002338       0.74906780040562482       0.62215158054607556       -1.0210270943655466      -0.70673389451392965       0.30331370631440191     
   133.07736945606354        1.1163091706233084       0.74934356582493211       0.62224683814657977       -1.0214053176894637      -0.70710512292978600       0.30340516195657186     
   133.36021189913001        1.1165735235532939       0.74961884065319007       0.62234193059937359       -1.0217828666276345      -0.70747569438479374       0.30349646089126614     
   133.64305434219651        1.1168374140828448       0.74989362680199989       0.62243685853692754       -1.0221597438118719      -0.70784561143077540       0.30358760371516869     
   133.92589678526298        1.1171008439937826       0.75016792617138850       0.62253162258811978       -1.0225359518582391      -0.70821487660411320       0.30367859102136863     
   134.20873922832948        1.1173638150571914       0.75044174065026159       0.62262622337795126       -1.0229114933673564      -0.70858349242618957       0.30376942339921670     
   134.49158167139595        1.1176263290339432       0.75071507211602362       0.62272066152776606       -1.0232863709239060      -0.70895146140332055       0.30386010143497078     
   134.77442411446245        1.1178883876742873       0.75098792243492318       0.62281493765530160       -1.0236605870973119      -0.70931878602684906       0.30395062571126696     
   135.05726655752892        1.1181499927180769       0.75126029346227419       0.62290905237454042       -1.0240341444418128      -0.70968546877345129       0.30404099680720520     
   135.34010900059542        1.1184111458950596       0.75153218704203417       0.62300300629607275       -1.0244070454961451      -0.71005151210491446       0.30413121529881187     
   135.62295144366189        1.1186718489246616       0.75180360500755494       0.62309680002670231       -1.0247792927842527      -0.71041691846868105       0.30422128175847796     
   135.90579388672839        1.1189321035161464       0.75207454918116101       0.62319043416987641       -1.0251508888150904      -0.71078169029756233       0.30431119675530716     
   136.18863632979486        1.1191919113690019       0.75234502137439574       0.62328390932542055       -1.0255218360825529      -0.71114583001014431       0.30440096085532675     
   136.47147877286133        1.1194512741724885       0.75261502338833630       0.62337722608963619       -1.0258921370661707      -0.71150934001083632       0.30449057462094137     
   136.75432121592783        1.1197101936062321       0.75288455701309909       0.62347038505557029       -1.0262617942304915      -0.71187222268973738       0.30458003861169081     
   137.03716365899430        1.1199686713400019       0.75315362402875985       0.62356338681247125       -1.0266308100258745      -0.71223448042332271       0.30466935338360002     
   137.32000610206080        1.1202267090336604       0.75342222620461841       0.62365623194658326       -1.0269991868883026      -0.71259611557378211       0.30475851948950222     
   137.60284854512727        1.1204843083377871       0.75369036529975020       0.62374892104049806       -1.0273669272392618      -0.71295713048980969       0.30484753747930327     
   137.88569098819377        1.1207414708930510       0.75395804306297709       0.62384145467362662       -1.0277340334864056      -0.71331752750626354       0.30493640789945320     
   138.16853343126024        1.1209981983308972       0.75422526123297684       0.62393383342189379       -1.0281005080231460      -0.71367730894460557       0.30502513129348618     
   138.45137587432674        1.1212544922731928       0.75449202153825412       0.62402605785807364       -1.0284663532290887      -0.71403647711269858       0.30511370820172784     
   138.73421831739321        1.1215103543326397       0.75475832569738222       0.62411812855150184       -1.0288315714699221      -0.71439503430522122       0.30520213916153216     
   139.01706076045969        1.1217657861123829       0.75502417541887357       0.62421004606851849       -1.0291961650978279      -0.71475298280336075       0.30529042470700779     
   139.29990320352618        1.1220207892067302       0.75528957240155414       0.62430181097190718       -1.0295601364511737      -0.71511032487549842       0.30537856536945229     
   139.58274564659266        1.1222753652006547       0.75555451833432963       0.62439342382147545       -1.0299234878549577      -0.71546706277675542       0.30546656167703962     
   139.86558808965916        1.1225295156700739       0.75581901489632342       0.62448488517392209       -1.0302862216207633      -0.71582319874925404       0.30555441415499307     
   140.14843053272563        1.1227832421819919       0.75608306375724965       0.62457619558256416       -1.0306483400469471      -0.71617873502251128       0.30564212332552088     
   140.43127297579213        1.1230365462944083       0.75634666657717975       0.62466735559771513       -1.0310098454187315      -0.71653367381319066       0.30572968970785414     
   140.71411541885860        1.1232894295566600       0.75660982500657192       0.62475836576660004       -1.0313707400080423      -0.71688801732529983       0.30581711381852922     
   140.99695786192510        1.1235418935092261       0.75687254068654553       0.62484922663334586       -1.0317310260739412      -0.71724176775032866       0.30590439617108023     
   141.27980030499157        1.1237939396836623       0.75713481524904791       0.62493993873898557       -1.0320907058628874      -0.71759492726736385       0.30599153727589984     
